-0.14975861459970474
-3.842942714691162
-0.0008171042718458921
-0.4782208204269409
1.642176777124405
0.4238566979765892
-0.9306678175926208
0.04521608352661133
1.0546024441719055
0.9496453106403351
3.634826898574829
-0.5639104656875134
-0.3856610357761383
0.27669721096754074
2.254020556807518
0.8096822649240494
-0.12179926037788391
0.7904737889766693
-0.21140247210860252
-0.44236715883016586
-0.4041656954213977
-1.4238576591014862
-0.16042602062225342
-3.5109527111053467
0.12196774780750275
0.07759745884686708
-0.8828961476683617
-0.2092108130455017
-0.7061745002865791
-0.009807437658309937
2.0299384985119104
0.8204079568386078
-0.05271413689479232
-0.00025872023979900405
-0.596177414059639
0.24196017533540726
-0.4643132984638214
-1.0973796024918556
-0.00784999132156372
2.145827884785831
0.5123068541288376
-0.15745222195982933
-2.8709193766117096
-1.3523976653814316
0.1406480073928833
-0.9252521991729736
0.31282809376716614
0.18182436341885477
-0.018876343965530396
0.7608833312988281
0.013959050178527832
1.4824448972940445
0.05761084146797657
-0.38428691029548645
-0.04882515501230955
-0.024196119513362646
0.22573760151863098
0.24495536088943481
0.12746721506118774
0.28692857921123505
0.155496247112751
-0.687592800706625
0.008007466327399015
1.3399571180343628
-0.47005266323685646
1.5117806196212769
-0.6668605208396912
0.3356945514678955
-0.08188766986131668
0.8482564091682434
-0.08988598734140396
-0.00972135306801647
-0.6748376376926899
-0.4617615342140198
-0.17116683721542358
0.005260542035102844
-0.02020814170828089
0.23086147755384445
0.23856081068515778
-0.3446790650486946
-3.1814006567001343
-0.7190585918724537
0.006378054434208025
0.03379877656698227
-0.24763363599777222
-0.044171877671033144
0.0005265349118417362
-0.2150990217924118
-0.6158539354801178
0.5014482736587524
0.09657113254070282
-0.2036195774562657
-0.3373630940914154
0.0009925365447998047
0.055297587998211384
-0.5393246114253998
0.5589210912585258
0.3394951820373535
-0.7094995975494385
0.05928727984428406
0.5354581326246262
-0.029268428683280945
-1.309779703617096
0.008119540754705667
0.7191238403320312
-0.004686828353442252
-0.0164886973798275
0.05144181847572327
5.342368900775909
1.2260682508349419
-0.038204041775316
-0.5166163742542267
-1.5248653143644333
0.5532196015119553
-0.7025176286697388
0.3110587000846863
-0.14960060454905033
-0.21108800172805786
0.256287544965744
-0.027215726673603058
1.1832627207040787
0.13648004829883575
-1.037326917052269
-3.3211194276809692
-1.064321203622967
-0.0010003612842410803
-0.41845879703760147
-1.4563121795654297
1.28590639680624
-0.4479829706251621
1.2974624037742615
0.05802471935749054
-0.5594062656164169
1.225754164159298
-0.17814774438738823
-0.9186002016067505
-0.03394082537852228
-0.05192863941192627
0.11280823778361082
-0.6338768154382706
0.08283917978405952
-0.1270538568496704
0.5557807981967926
0.2951525514945388
-0.02416960638947785
1.0221380591392517
-1.4994537830352783
-0.4476102739572525
-0.1194685623049736
-0.04128784080967307
0.4747766852378845
0.9453522562980652
1.2714430689811707
-0.2482386827468872
-1.6278830766677856
1.1042722463607788
0.01837107539176941
-0.6311950832605362
1.6940042148344219
0.28264911100268364
0.28086836636066437
0.5112799108028412
-1.923965036869049
0.791891023516655
0.6809968948364258
1.6180750727653503
0.47872714698314667
0.0006874039536342025
-0.0454731653444469
1.8509323000907898
0.08205017447471619
-0.25750325806438923
0.027381621301174164
0.03026405442506075
5.066947937011719
-0.8125931024551392
0.4363705813884735
2.091612622141838
0.5450236201286316
-0.5378299532458186
-1.433968186378479
1.3185480907559395
-0.7330950498580933
1.5696728825569153
0.7840858697891235
-3.5235738530755043
-0.25423234701156616
0.005588054074905813
-0.1813945770263672
-0.013356566429138184
0.6219441294670105
-1.066742829978466
-0.5376560557633638
-0.9290844798088074
0.21606948971748352
-0.15520703792572021
-0.01927579939365387
-1.2117064222693443
1.3033177927136421
-0.4515763223171234
-1.439726710319519
0.642142079770565
0.9238979071378708
0.3006090372800827
-0.5071908915415406
1.8282956406474113
-0.3822021335363388
1.1987373754382133
-0.47898010164499283
0.628627959638834
0.02488572895526886
0.6429629325866699
-2.253810405731201
0.17885390855371952
0.5284294635057449
-0.3429921865463257
-1.2894127070903778
-0.09763112664222717
0.6573943793773651
-0.10673496499657631
-0.03548418887658045
0.23364320397377014
0.00021835797815583646
0.504828155040741
0.9671273529529572
-0.011053702794015408
-1.0861713364720345
0.47899627685546875
-0.38598930835723877
-0.42364421486854553
-0.19083929061889648
-0.051690250635147095
0.656204879283905
0.135940533131361
-0.22967180609703064
-1.8678015917539597
-1.6011762470006943
0.017355167539790273
0.8385021090507507
1.1754424571990967
-1.522788017988205
0.1481735110282898
-1.3185093998908997
-0.15050772577524185
-0.008778340532444417
-3.1498889923095703
-0.3263111263513565
1.9856672883033752
-0.05821866961196065
-4.807842254638672
0.25056895427405834
-0.028537124395370483
0.23972049355506897
0.10596701456233859
0.45078450441360474
-2.8445276021957397
-0.04911866784095764
-0.995362862944603
0.031770773231983185
0.054253244772553444
-0.12672577565535903
0.006380916107445955
0.4196653664112091
0.16968746669590473
0.08474156633019447
-0.19551953673362732
-0.3048235774040222
1.6968317180871964
0.054059937596321106
-0.7809335738420486
1.7606452330946922
-0.047425808385014534
-0.07205790281295776
-0.814811646938324
0.11296658962965012
0.15360152488574386
-0.26476146280765533
1.9788393527269363
-0.00023968337336555123
-0.5696537494659424
-0.7911418750882149
1.9502803832292557
-0.17491315305233002
-0.005474549951031804
-0.13022760255262256
-0.2873355448246002
0.3452015221118927
-0.22411172091960907
0.06162247061729431
0.20336923003196716
1.1875774264335632
-0.28291645646095276
-1.8545373678207397
0.7744099274277687
-0.06372967921197414
0.03624749486334622
-0.4384068548679352
-0.06466876715421677
-0.12973788753151894
0.7423708345741034
1.9060820788145065
-3.7864989042282104
-0.0007137420070648659
-0.378799170255661
-0.7585038840770721
-0.03628723323345184
-0.3243752419948578
1.1721230745315552
0.3550437390804291
0.14186124131083488
3.440517008304596
-0.10049760341644287
-0.7938371729105711
1.0397948026657104
1.1409494578838348
1.699896827340126
-0.03502444922924042
-1.1652565449476242
-0.16189631819725037
0.07387080043554306
-0.0019161286763846874
-0.03609594702720642
-0.7716024518013
-4.194766402244568
-0.08594265580177307
0.09220719686709344
-0.2960641626268625
1.2965692281723022
-0.23367875069379807
0.6840417981147766
2.6175771951675415
1.1869871020317078
-0.40147377736866474
2.6909736334346235e-05
0.47244345396757126
1.8030754812061787
-0.5892537832260132
-1.153643622994423
0.3785192221403122
1.1645457074046135
-0.267165407538414
-0.17358629032969475
-2.6833213567733765
0.5330801904201508
-0.12119382619857788
-0.5686118602752686
-1.228307068347931
-0.004531750921159983
-0.4724428653717041
0.1461412012577057
-1.5063881278038025
1.0391977205872536
-0.16919005289673805
0.5334351658821106
0.2230114962439984
0.0758751854300499
1.1400911435484886
1.8565382957458496
-0.3151322305202484
-0.3489704951643944
-0.1419265866279602
-1.0198722332715988
0.4181501930579543
-0.042532965540885925
1.4569944739341736
-0.793260246515274
-0.3188343048095703
-0.892854630947113
-1.04290209710598
0.4448069632053375
-0.3407485634088516
0.0020621265284717083
-0.6832992732524872
0.010567530989646912
-0.4832889772951603
-0.2600430138409138
-0.0038074275871622376
0.0808919370174408
1.0992717891931534
-0.07488726079463959
-3.398818790912628
0.11647495394572616
-0.008136254939017817
-0.36937548220157623
-0.16782115399837494
0.08098712842911482
0.0003144120628348901
0.06344222277402878
-0.386454239487648
-1.5061960518360138
-0.4275113642215729
0.29169882740825415
-2.0347536765038967
-0.6457744836807251
-0.1402825410477817
0.5269468575716019
-0.32929275184869766
-0.053349077701568604
-0.726628303527832
0.1000607069581747
0.6314168721437454
0.16685046069324017
-0.09561453014612198
-0.00017861183732748032
0.5978435277938843
-0.018655029009096324
0.553185360506177
-0.07335858047008514
3.3606808185577393
1.335613589733839
0.008255939930677414
-0.6675167232751846
0.06038619577884674
1.0048884749412537
-2.3111787289381027
0.9914852380752563
0.15512289060279727
-0.054790738970041275
1.0277175679802895
-0.8416017889976501
0.1539345681667328
-0.31510888040065765
0.5179189518094063
-3.2121763229370117
0.07421589829027653
-0.009005164320115
-0.16752009093761444
-0.036596111953258514
-0.317464180290699
-0.2892840579152107
-0.41071391105651855
-0.6143264174461365
0.3524189069867134
-0.17045874893665314
-0.1188703216612339
-0.7179915904998779
-0.06978902162518352
1.167001724243164
0.2263934202492237
-0.41726911067962646
-0.8690648786723614
1.2981411814689636
-0.4612617790699005
0.19191061379387975
0.022361106937751174
-0.16005057096481323
-0.692524254322052
-0.053916871547698975
-0.03453604131937027
0.04948414000682533
-0.9864200055599213
0.02777029573917389
-0.06313252449035645
0.6127236783504486
-0.7873283922672272
2.1188893020153046
-1.4231619089841843
-1.483397737145424
1.0314218923449516
0.24210400506854057
-1.1492072567343712
-0.008167654275894165
-0.6126456558704376
-0.28402042388916016
0.00481700524687767
0.9914387911558151
-0.846578985452652
0.03926930233137682
-0.029995267977938056
0.6205225586891174
-0.29122576117515564
0.13687772303819656
-0.6289200931787491
-0.20550004951655865
4.632821202278137
-0.6096545457839966
1.382294625043869
1.5846671164035797
0.37611840292811394
-0.47620154917240143
-1.4864415228366852
0.6518990769982338
-0.6248352527618408
1.5580863058567047
1.6044439300894737
-3.324623167514801
0.9468599557876587
0.010564768454059958
-0.3586970567703247
0.31411540508270264
0.34079447388648987
-0.6817516162991524
1.2239694334566593
-0.43599118292331696
0.660817876458168
-0.033319249749183655
-0.017979837954044342
-0.5418214946985245
0.6267189830541611
-0.2843068577349186
-0.6495941877365112
-0.5008278675377369
-0.33375493437051773
0.8284938484430313
-0.31911059096455574
0.32396755926311016
0.2588932663202286
0.469296732917428
0.02037864178419113
-0.150735542178154
-0.44389623403549194
0.1731642484664917
-1.9955990314483643
-0.13506239978596568
0.009331956505775452
-0.7226492166519165
0.7692745923995972
1.2652157545089722
0.5297099947929382
0.611929789185524
-5.904806312173605e-05
-0.2905850410461426
0.0020917303045280278
2.1713624745607376
0.5488850995898247
-0.0015825610607862473
0.9263099133968353
-0.25661684945225716
-0.2894752323627472
-0.3179546892642975
-0.3412742018699646
-0.7734760940074921
0.6219743490219116
1.2786517404019833
0.40106290578842163
-1.0659129619598389
-1.368949681520462
0.0046276586363092065
0.2377137467265129
1.708490788936615
-0.8683558776974678
-0.7050021886825562
-0.3609820604324341
-0.09990274906158447
0.025564821669831872
-2.5092138051986694
0.6125794798135757
1.1808011829853058
0.03932668687775731
-3.9573220014572144
0.09457400254905224
-0.6594580113887787
1.1190107762813568
-0.13767904043197632
-0.15680687129497528
-1.7808454036712646
0.5535964518785477
-0.896420806646347
0.22547204792499542
0.213279839605093
-0.17882227711379528
-0.10181021527387202
0.5842802226543427
-0.45186445233412087
0.12819013744592667
0.5332742035388947
-0.9186369962990284
0.6490267440676689
0.18331556022167206
1.290909394621849
-0.6403838954865932
0.036196496337652206
0.9796270132064819
-1.6395831108093262
0.35971300676465034
0.04445923585444689
0.1578109860420227
0.8826356679201126
-0.00015366653678938746
-0.09695911407470703
-0.06379511579871178
2.4150813966989517
0.7708483338356018
0.02821162575855851
-0.029362874571233988
-0.27135297656059265
-0.5911608934402466
-0.2475324422121048
0.6146744787693024
-0.8455307632684708
0.4448307901620865
1.7966203391551971
-0.7135871648788452
-0.3157351315021515
0.414988212287426
-0.003339434042572975
-0.9277409911155701
-0.6900623217225075
-0.36302299425005913
1.070252489298582
