94.20727777481079
-164.42344188690186
90.93439674377441
39.74184322357178
27.80273151397705
114.5734099149704
99.8763382434845
2.185413360595703
20.93413546681404
10.662327766418457
83.11355739831924
0.43348857993260026
-51.06882166862488
-75.50152206420898
-66.87243556976318
-67.73809957504272
29.15837073326111
-223.18697041273117
85.55354714393616
123.43624114990234
27.474596977233887
-80.81933471560478
7.4263269901275635
-38.67629083991051
32.54733324050903
-17.747250080108643
-34.99790811538696
50.50774869322777
-142.3488416671753
-65.79552721977234
34.9421067237854
-2.7505682669579983
-91.02777874469757
-70.9796576499939
-9.715933203697205
65.01371908187866
-26.628121852874756
-9.396876215934753
-52.590468645095825
-29.58128222823143
-39.130093574523926
78.82397603988647
46.688321113586426
-27.317581295967102
199.82571864128113
-88.72232055664062
-78.28772497177124
122.47218894958496
-86.38992947340012
61.91665506362915
152.35430800914764
65.5190658569336
7.70613956451416
19.939547777175903
-52.124786376953125
33.7368803024292
51.07050609588623
-134.26613235473633
72.08598899841309
-29.707311630249023
-19.109615802764893
22.139992132782936
-11.699741840362549
-14.577756226062775
-3.7072315216064453
-36.64333987236023
27.25111675262451
11.213125467300415
139.62225338816643
-92.91943311691284
74.2581877708435
-105.92122840881348
-38.94478487968445
47.9379301071167
-4.7933200895786285
50.75174820423126
37.261109352111816
-118.25218462944031
-9.842562675476074
21.44333577156067
38.16520023345947
-120.23076725006104
12.034817576408386
-51.19164848327637
66.15991115570068
3.3612151965498924
75.9275894165039
-71.12716770172119
24.688818395137787
3.873504877090454
41.13585364818573
-21.532991947606206
-96.01025915145874
-137.57937157154083
74.10585057735443
-44.78144884109497
38.07047414779663
-31.716062545776367
-84.75836133956909
49.386178970336914
59.698923110961914
-175.6407619714737
90.6105626821518
50.575088024139404
7.609781265258789
114.34479248523712
-47.59617280960083
114.54608952999115
-142.42777621746063
86.84808349609375
84.77113258838654
90.41650128364563
-63.96062874794006
-67.67501533031464
-103.18830966949463
103.01498222351074
2.9332717657089233
-38.144803047180176
34.68091368675232
94.65358313918114
-28.884888648986816
-7.626157999038696
-40.28340435028076
196.09908723831177
-64.38797235488892
-142.78157711029053
-113.29987913370132
-74.32212829589844
-77.0284743309021
-9.547959595918655
81.1697883605957
-189.39720100164413
-78.88797676563263
-74.05273365974426
114.02306795120239
45.8925085067749
34.60947608947754
-148.3982388973236
-23.420721411705017
-204.11184644699097
112.71452951431274
162.05901527404785
63.4127961397171
101.91840982437134
21.37563419342041
-43.240148067474365
52.03672218322754
-130.3387427330017
74.03470706939697
-70.52796232700348
163.32438254356384
-5.443385601043701
-40.10718536376953
146.82515931129456
50.771676171571016
-1.8600921453908086
-53.88495182991028
113.84668922424316
-1.7770037651062012
54.65023899078369
144.71038055419922
-154.11086201667786
-81.58979856967926
-3.0170514583587646
178.57825648784637
71.85242128372192
-43.01417112350464
144.06153917312622
-0.02106075221672654
46.017613649368286
-51.464155197143555
102.11841940879822
100.13785076141357
-56.58224439620972
21.829251289367676
3.723367214202881
-19.58911767601967
-68.8446569442749
47.67516279220581
-36.50450325012207
-154.63407135009766
-40.73230963945389
16.320834159851074
-55.51398468017578
50.81491029262543
-139.15715646743774
6.358118057250977
-45.65471649169922
75.64496219158173
-169.50432467460632
-13.117581196129322
6.042781949043274
-65.89998698234558
166.80436277389526
1.9857959747314453
-22.8685941696167
42.51209354400635
5.791203498840332
33.84740209579468
-54.55744457244873
-29.179898738861084
-7.2709174156188965
42.23161506652832
-56.06431484222412
-121.52883052825928
5.435578018426895
149.21778011322021
30.597855925559998
32.45038461685181
38.826943039894104
-6.7929593324661255
177.27851676940918
105.69556474685669
-51.09104251861572
-101.51077270507812
181.13491415977478
-10.17424192931503
20.945689141750336
6.751124773174524
25.08169922977686
138.49728339910507
-35.57036018371582
-181.2466139793396
1.15186008810997
78.02450180053711
5.464518308639526
-1.9601659774780273
10.730717673897743
50.564831256866455
-25.03371286392212
-6.067418575286865
-102.66473388671875
-93.06034970283508
106.48765903711319
-37.18599224090576
16.33489155769348
-109.85592502355576
-4.402397885918617
32.570013999938965
84.23082947731018
-32.05746126174927
114.24753284454346
-19.75465226173401
91.59296131134033
-67.83760088682175
22.500630378723145
19.656031847000122
-120.80181121826172
23.93691736459732
-195.10985153913498
-25.66718864440918
-17.77445888519287
-53.424880027770996
44.91201674938202
130.45324087142944
-112.35425329208374
-169.20432460308075
3.3199377059936523
-60.18111610412598
137.01664674282074
40.16166710853577
35.11027145385742
68.3684213757515
-9.871274948120117
11.906561851501465
-37.92617654800415
31.577901124954224
1.3526687622070312
-114.17574977874756
29.79510498046875
63.463703870773315
-65.93073990941048
-42.092652797698975
97.48327374458313
50.02930927276611
67.03409481048584
15.920976400375366
-87.56043493747711
-61.70687770843506
-47.59507179260254
-138.07821917533875
99.20185601711273
-57.00579500198364
89.56025505065918
-54.4076452255249
-99.42205858230591
-6.736814022064209
12.653456687927246
-142.45064544677734
-199.64227104187012
70.40643572807312
-56.3758225440979
-1.4822571277618408
-9.09061884880066
9.522314071655273
-51.023995101451874
-135.2474160194397
4.035386681556702
-24.847293853759766
-108.00684881210327
133.5686970949173
56.385873317718506
169.09989166259766
-26.579038217663765
-6.895529270172119
22.145363807678223
14.427510261535645
-199.85791063308716
85.71179676055908
-49.59632134437561
137.16515374183655
-21.109289169311523
87.45296621322632
-16.314902305603027
-20.15232825279236
-182.44979238510132
-6.1450314447283745
28.674357414245605
-34.34925818443298
219.08403778076172
0.9073734283447266
18.47651767730713
52.48757869005203
81.61140489578247
165.04054260253906
-91.701162815094
4.897543907165527
-73.31900787353516
159.82341647148132
17.74805521965027
77.63445544242859
-37.537291526794434
82.6730500459671
-98.2642879486084
0.950331368483603
-5.207095623016357
-117.45393466949463
22.738178849220276
134.07277166843414
-50.22602891921997
-43.16850733757019
-32.33529531955719
-60.71506309509277
-165.39087057113647
21.541816234588623
-41.81598615646362
100.7890214920044
184.69761633872986
24.93391990661621
-16.40009117126465
51.81798696517944
-142.2311544418335
41.583086013793945
67.70791149139404
48.86886787414551
78.9493556022644
37.78645586967468
-3.324090003967285
21.272777438163757
-88.24252271652222
36.1458802819252
0.5391577256377786
-26.0970561504364
-36.84939956665039
-81.33968734741211
-25.504298210144043
70.2763979434967
-218.3731111884117
21.013474702835083
151.0434627532959
-2.1184892654418945
-84.39280113577843
17.843217849731445
-59.93823364377022
44.982006788253784
1.231733798980713
-106.28685712814331
68.18507361412048
-165.2032971382141
-4.995500564575195
34.937522411346436
-3.0307641439139843
-122.2598106265068
-53.904850006103516
23.08646059036255
55.643354177474976
9.810325145721436
-11.40443804860115
-54.90174317359924
-76.07993239164352
-57.16289520263672
50.904561042785645
53.294432640075684
-26.64426040649414
131.93906366825104
-87.7539234161377
-46.8559684753418
131.79887974262238
-100.43586438894272
33.77779150009155
168.70245814323425
71.93067121505737
-42.71948862075806
21.282108545303345
-42.98989963531494
0.4218454360961914
19.79051971435547
-131.64654275774956
27.524138689041138
19.56889533996582
-10.84431505203247
23.578282944858074
24.045289993286133
19.262650161981583
-26.228829383850098
-13.533899784088135
9.8610200881958
-2.9729015827178955
153.43844085931778
-75.32943105697632
51.675724506378174
-99.1097640991211
-27.69809079170227
30.911668300628662
-30.222192406654358
53.54070669412613
49.63398313522339
-95.4389877319336
8.764070749282837
16.3377685546875
43.29580783843994
-127.75551760196686
-7.654704332351685
-70.70282936096191
39.555039405822754
3.137415423989296
96.48349857330322
-52.843607902526855
26.806551933288574
-34.37355136871338
83.07175850868225
-20.825609251856804
-81.91245722770691
-153.71840327978134
68.62623393535614
23.097004890441895
30.090800762176514
-75.63824272155762
-166.10957169532776
-49.68153667449951
46.89788341522217
-128.84606099128723
95.54445123672485
51.46359705924988
3.218536853790283
107.96980345249176
-1.5292658805847168
116.23644495010376
-111.24910163879395
128.9322419166565
57.176430225372314
82.22651696205139
-34.408757627010345
-50.101211190223694
-77.88389182090759
145.4968695640564
-21.731355667114258
-34.65683650970459
7.924203634262085
98.94036677479744
-52.110090255737305
22.790263652801514
-72.8371651172638
141.39910650253296
-108.43579816818237
-119.99098300933838
-110.46658265590668
-100.16167545318604
-71.35785007476807
-3.60950668156147
77.99176120758057
-235.20886653661728
-122.7987664937973
-74.06620669364929
116.3189457654953
67.56271409988403
19.942169189453125
-147.55228281021118
-34.095661759376526
-169.9886245727539
125.73259997367859
189.06942653656006
-1.7772912979125977
40.44282341003418
12.78123950958252
-81.64306449890137
82.83206510543823
-119.07514357566833
74.65997910499573
-104.6490490436554
163.16124999523163
-37.47979998588562
-55.668128967285156
171.32448953390121
82.05018379539251
-2.051808688789606
-34.07346558570862
112.18212842941284
37.49054574966431
48.293344497680664
78.68816328048706
-85.38050520420074
-90.57859170436859
9.047267198562622
132.52383497357368
109.18584775924683
-9.974540710449219
166.16237819194794
-0.1114771906286478
53.71750617027283
-44.94970893859863
72.05118000507355
84.86507201194763
-60.652616024017334
6.87288761138916
-18.0838942527771
-21.29103508591652
-88.08456230163574
3.626430034637451
5.945358514785767
-43.76121711730957
-46.17170959711075
19.037542581558228
-72.89462614059448
75.63285982608795
-178.6421988606453
113.39376449584961
-63.449602127075195
80.4262946844101
-116.37997460365295
-13.317711405456066
-6.0227532386779785
-89.6186888217926
223.2916669845581
73.9500379562378
-47.420249938964844
48.174818992614746
-7.296255350112915
74.37789392471313
-68.22409701347351
12.564556121826172
-4.889049530029297
11.046702861785889
-37.45614051818848
-89.46761512756348
17.041093677282333
109.18129348754883
75.82687091827393
26.322646141052246
51.39715874195099
-10.22634506225586
182.73314464092255
77.52948379516602
-65.0559310913086
-58.606149673461914
221.02176594734192
-11.510575900552794
27.033272802829742
7.979233391582966
29.386205948889256
177.33561319112778
-66.7193431854248
-233.2297558784485
1.0777897834777832
84.37873458862305
27.165618181228638
-20.984143257141113
17.621058277785778
42.969629764556885
-29.482434272766113
-40.30533790588379
-85.36516809463501
-90.0013045668602
131.6338107585907
-29.909350395202637
-10.445449352264404
-94.2326058447361
-4.569260090589523
1.3454475402832031
59.45041632652283
-51.41066861152649
113.03966569900513
-25.708540678024292
95.49470806121826
-47.61678922176361
-0.3126802444458008
61.548391819000244
-26.610947132110596
13.787445664405823
-190.52956080436707
-43.72899389266968
-8.816601753234863
-67.64981079101562
64.25581324100494
155.0429539680481
-109.94940686225891
-136.50324082374573
-16.869422912597656
-50.09688663482666
99.88218533992767
11.504657506942749
7.061527252197266
72.4771134853363
-56.0112829208374
11.573163509368896
-51.33098840713501
-1.1763262748718262
15.670215606689453
-103.64491939544678
-7.235355377197266
32.93757653236389
-68.32976645231247
-18.57657289505005
130.62421250343323
34.98209190368652
70.78806495666504
58.749160408973694
-108.27809143066406
-120.55167508125305
-40.86163806915283
-105.10924655199051
51.78402805328369
-61.3096227645874
119.8449535369873
-49.07313632965088
-64.55949687957764
-28.17705774307251
62.1293830871582
-76.89867687225342
-219.92670756578445
93.25901007652283
-71.38211727142334
-1.772950291633606
-4.350836277008057
11.333631038665771
-13.077816128730774
-204.2848892211914
-15.421978235244751
20.50414514541626
-87.10519075393677
143.23075246810913
16.21452522277832
208.60805714130402
46.328584015369415
-15.696801364421844
0.34447574615478516
-5.23923921585083
-115.79363739490509
96.39608895778656
-50.777358055114746
132.1758315563202
14.424215316772461
93.34846043586731
-14.861498832702637
-30.61228084564209
-259.53726053237915
-4.136032335460186
43.10073804855347
-20.673760890960693
231.04555749893188
2.620443344116211
14.639766693115234
35.89524930715561
66.78721618652344
106.3614649772644
-57.20833683013916
44.074830055236816
-43.95458173751831
99.80438017845154
50.34284043312073
-22.822556495666504
-118.1572380065918
88.57014751434326
-116.59526109695435
0.5793970134109259
23.382961750030518
-87.03773844242096
16.41898262500763
149.29945194721222
-71.9643783569336
24.719383001327515
-59.115249276161194
-21.090497970581055
-153.04385900497437
33.82263207435608
4.196211814880371
120.21323776245117
163.495263338089
23.583791732788086
-5.846557140350342
