-0.2151645758808537
0.416879243101885
0.2669340042816192
-0.564150188071883
0.044182869492009745
-0.3145065476615873
0.5841807954476007
0.2265749875520986
1.0589327598415437
0.35889853630927054
-0.13309383266838815
-0.15458190616302994
0.20644973765232083
-0.274528033536243
-0.7940311051081703
0.09135537712787818
-0.21303183092274874
-0.1796258084550004
-0.46178182785498506
0.02116244023323675
-0.4030288339280898
0.1499316642003946
0.44995877958609654
0.27350594056352734
-0.04317075000947105
0.945061809596991
-0.44697147754253885
-0.37713612061835455
0.30176265837256355
0.347816035675093
-0.13021650186363234
-0.06896846834676931
-0.26544861518976093
-0.7941482347717065
-0.14929484921679548
-0.2495189951218481
0.25555457033704077
0.4340292298482442
-0.1106062047698416
-0.48602453333333057
0.7933223362667601
-0.10500465025509988
0.23064305371489155
0.5279829381485847
0.557457213669655
-0.600265188837478
-1.0111832310763664
0.1699118199257723
-0.01598303524605604
-0.5468395104821508
0.002652579164911793
-0.5549864701176612
-0.29987332965362906
-0.0882026245400468
-0.4526535620192694
-1.1505558731942744
0.030786371606479637
0.06887399157512201
-0.20242134390129565
-1.812375396506933
-0.5408576167365677
-1.53439906502684
0.37584487981773407
0.6131862145556176
-0.620843388324843
0.2666061705110144
-0.2044237942788192
-0.8610476051796725
-0.31977089677406834
0.7424011758513889
-0.31598376184910243
0.19074184092283067
-0.1100361292068764
-0.5296217306343991
-0.51631531153982
-0.2529736484365374
-0.4000910343947657
-0.6430026402053528
-0.7286562107676746
-0.6417427816657306
0.8738044749012954
0.42696844207320356
0.44190565317085123
-0.37500348441161485
-0.6313307659263627
1.339449538628298
-0.18362453142870622
0.08903723545802904
-0.084461331998334
0.5819049260428457
0.5827625134707368
-0.2480167351068009
0.40799361585543353
-0.23269287235967429
-0.1690556897469189
0.8649377857666734
0.19053327665818814
0.1434704901770755
-0.02755631526417422
0.24044721089728605
0.7495839774306962
-0.6669951124786903
-0.5395070829396018
-0.48578051900513625
0.04848646092940237
-0.062457652566908724
0.3669053519509773
0.4311546528737613
0.9424176739216671
1.0591530907224194
-0.19983927325184833
0.5787039403143579
0.4385966148695955
-0.15381261103784394
-0.08335914781661294
0.2437200654817916
1.116738050448423
0.3732942717929433
0.8351492447116748
0.7330266800695155
-0.6082455083283895
0.18602133410550178
0.41889522093599585
-0.38102514758105377
-0.019795744874376558
-0.5757002747020227
0.6006545809395897
-0.10381224724236232
-0.47121560209443564
0.5461068256303332
-0.448289181088297
-0.5585073599054888
0.5871457481036267
0.2224865331992626
0.31604465501875356
0.4743163445085807
-0.16942496199327345
0.46928868706903903
0.05747474776810448
1.1034386574771848
-0.10840161927119436
-0.879870428776418
1.1767842641520794
0.7035141548138075
0.27012104547154014
-0.0958364662924357
0.6572576253414703
0.09103069094862763
0.10191906629448794
-0.6768638737218297
-0.20613198735449795
0.5786480649072939
-0.910029714945815
-0.6642824165830322
0.4415161245565443
0.95654302146534
-0.058669742300574305
0.6101485920343926
-0.6832258360824247
-1.5394876172455765
0.005884833869285949
0.7245466234859147
-1.043401080402361
-0.18385415450063858
0.44398604064260694
-0.4912390840709132
-0.3754738585240746
-0.16326436941531577
0.23870037752286385
-0.7645935335274681
-0.28920444585799293
-0.9572433771048692
-0.03782324379249568
-0.30982301032625376
0.7307496767613706
0.09351668852531272
-0.00412184750225374
-0.61259884761263
0.300126541001123
0.19862470790835812
0.2388639783060149
-0.20625573626017502
-0.819391015615591
-0.04084598707426476
-0.4226475086355094
-0.24326944248957058
-0.2887040298270844
0.06593605076732602
-1.1207835640765786
-1.2519074531393122
0.14672790176854467
-0.45202346005086885
-0.5676134041052515
-0.4653975718228056
-0.39249408484094767
-0.12730674544358891
1.4627358466018614
0.22394731834762852
0.4177446908664529
-0.05863147551064077
-0.12228248588830763
-0.0011996049128769682
-0.3322481686486931
0.20684434643095984
-0.2509198008863833
-0.2320354724619721
0.5967077316774337
0.039805715087349244
0.6751518266186523
0.07785257000149814
0.3976624754867975
0.013127703594732663
0.2923133884474788
-0.05723843488325656
-0.15083156191327757
0.3103591567282466
0.4064329874007218
0.8941342239137212
0.5113924481502747
0.8735250857938562
1.1631039527469977
0.5191120100160773
0.5734524947602546
0.9782592438196696
-0.10883258114013337
0.24341797547919092
-0.6411624820681309
0.862862480669734
0.0425992562209664
-0.10690775667076828
0.29934589630424285
0.3185524158944774
-0.14970257431522158
-0.4372496666945861
0.575475604139569
-0.30762533135126535
-0.9016267448399007
-0.336878068471838
0.7923846090696646
-0.3691421680180534
0.6242636914731818
0.19462021601601276
-0.5985518156686064
1.2040542557732277
0.8648847340305597
0.35341184605610904
-0.4314225313265001
0.1974609878254944
-0.6424831993064651
-0.027065357724364147
-0.3315119266793763
-0.2795700786756555
0.03252936012291996
-1.036833494949841
0.083323887588319
-0.27809527302340203
0.36741645831135
-1.3259062542792022
-0.41365895429806326
-0.4405069616109163
-0.5195422671104705
0.5685039727445069
-0.1255807595390641
-0.40356444699152577
-0.3615397153534202
-0.18185689746108494
-0.48677930077737447
0.1169169015254085
0.2700019524878028
-1.0482820255435612
-0.39470052526851657
-0.5988177354857631
-0.49797388643268864
0.4541641952540198
0.004606195333565861
-0.5186007603895496
0.2444805273041185
-0.808537343999457
0.07958931790402056
-0.41586382388142423
0.40135305488691947
-0.1452724721335104
1.4079721110738526
-0.3859427649204965
0.019531879250197216
-1.119445706722112
-0.6527786798858586
-0.6938084764594266
0.01344495990687354
0.5322704043113103
-0.13942240352395585
-1.08878646634179
0.6435124062433464
0.7879553202199652
-0.18630645615544794
-0.622997257786421
-0.21202654428524106
0.6778104904336187
0.8083015122697096
-0.039985233464967705
0.18561286245743305
0.007017402412892177
-0.164981434455548
-0.4137193176453363
-0.41507241960982794
-1.2200279299120529
-0.27105147538037605
0.3268882494515003
-1.0616237815349736
0.7675000003692054
-0.08469329253586533
-0.7227124995088909
0.39863107137062975
-0.4399224886222955
-0.4602465855613002
-0.19645948757115891
0.5838174469409662
0.028570115579882257
-1.2000300334517133
-0.33979074002420856
0.0959675240903781
0.15207815424302185
-0.055895838886520714
-0.3738104959324456
-0.0755964428954619
-0.2920251830352212
0.6061110641133624
0.5552567928090678
-0.049746031472392184
-0.438442263650838
0.12220861946554788
0.4550694694950422
0.41397210631781056
0.42870005393927857
-0.052917919049652345
0.2569767386133871
0.028656141171736715
-0.013635886099724503
0.5772579613692052
-0.1871689767231679
-1.3762165108168911
-0.6234059828277698
-0.5869420814346997
-0.5389644695731147
-0.46226482400270064
0.08433621733214995
0.5478129074238379
0.15809533014609975
0.07127643464457357
-0.023448589713064714
0.19085829210023375
-0.17096498955001638
-0.8610596910376743
0.1635892727146671
-0.4624743481385569
0.1111769046966954
-0.691628842601477
-0.3027586199133442
-0.5571475932134518
0.14721479934303688
-0.7982323525012922
-0.10032116883809819
-0.8842731470175262
-0.052158231034872764
0.00015794069183195175
-0.3161507142278417
-0.17471842503859306
-0.14585017530723757
0.011339975314371658
0.7043151648218144
-0.4877298336483306
0.03892614231054414
0.23204346123851338
-0.2962351715049162
-0.37587222993230285
-0.7460224444672331
-1.3107822686371209
0.31260509566745676
0.5019700663404391
0.7882785111871544
0.3930311277205004
0.026279987462274435
0.609857707244346
-0.18615148114742613
-0.4420077613045636
-0.16303089917441954
-0.08323803300124723
0.16336592509234132
-1.0698360719000894
0.5113593315819541
0.19886480035447704
-0.7651670221881492
-0.09460542325174537
0.12122701938970656
-0.49922159583423587
-0.4692028735353536
-0.02639989346726414
0.16755367901526969
-0.07675913913670382
-0.44750417990863367
-0.16926921648317814
0.06082739451988268
0.2361969995720912
-0.1361097675490256
0.13221281239591734
0.09957002222172259
-0.4430284107086291
0.2735045634220393
0.17030370998481972
-0.9827212431313987
-0.904859446111681
0.11056867978546726
0.2253044701358328
-1.3866343442531794
-0.4133864138507377
0.08818296267218452
0.34083237942093597
0.8401793027922587
-0.4705550737357264
-0.03156505893893715
-0.2477778898703195
0.2170215443396707
-0.2780622489685625
0.6129851385286231
-0.2915948770813002
0.6677740980873884
0.5960041132915638
0.5856716363496067
-0.12865462764581204
-1.1652136670668116
-0.02313280625720596
0.43071305571038504
-0.7870728897986757
0.16406449736380865
0.21645527231623102
-0.2733117223648163
-0.43471037944608776
-0.12752219937797143
-0.6136549634397814
-0.1023603661988494
0.017387169867151924
0.21920651201132013
0.6657209409976558
0.4123573783106796
-0.2229725440016424
-0.4588368855504434
-0.15527134294120376
0.33867787754273454
0.431478968798002
-0.673973178254181
0.37346747571586747
0.46487357012140146
0.23167610464606833
-0.377705343613765
-0.733132368189708
0.34790890989030165
-0.9937927608712778
-0.8019822426205003
0.28436791203120865
-0.9938763035527157
0.1800627333806918
0.12459207780396402
-0.374741511277659
0.7720783388539741
0.3405006491376106
0.6049279423469182
-0.3032762663766458
0.004312614773552038
0.27942569901056724
0.8091446100276112
0.6621797926523392
-1.486152096735033
0.31234832102678844
-0.056589280512067255
-0.5858384156309687
0.5053289158582693
-1.1928439147280554
0.26018679581848614
0.2942264518877219
0.22392755160287753
0.2505704416193797
0.040372936814983156
-0.040443351819540244
0.11739320248855505
-0.5240553922969918
0.2651093771377683
-0.0838642972547844
0.28488302256141984
0.9752955254131065
0.7564942197363839
0.11608183337816584
-0.24002456229486488
-0.741659530744499
0.6512963087875261
0.4662305461376605
0.7806387240947431
0.11627938848816204
-0.6795690051133434
0.20423444808224742
0.09839146300370995
-0.07978859612723671
0.31495880399390447
-0.08267416992758846
0.07933031051985091
-0.22418510371935646
-0.46036184550601905
-0.7572563091531782
0.21143115095518145
-0.5874370378916938
-0.2652247103169611
0.13408560475376674
-0.3015684331273735
0.7198254336772709
1.2675252145905453
-0.19223581547198204
-0.364921690545812
-0.5668357654755347
-0.17531561954570857
-0.09878892198676616
0.47331888851213677
0.14119540264174896
0.2792615765969828
0.3755139302499277
0.33840779771121865
0.17370887037502183
-0.6536622492817278
-0.6164075479471182
1.3513376402216952
0.8465273718793276
-0.4914666213275241
0.24886478039562365
1.0747597555322788
0.37225020248024904
0.16298596422836656
0.11184780789224079
0.5159475783381134
-0.2402426392862286
0.16072217158928695
0.4318478897714563
-0.753633765322571
-0.0037415184719096642
0.18023072474790366
-0.5630100855531048
-0.43466861181943056
-0.9435892102457984
-0.3989017401166321
0.25606357462649765
1.0594718901894584
-0.9085874259393324
-0.6184723233070603
-0.0829415573283754
0.7765574456453825
-0.06553172072695755
-0.4905947737407524
0.7896745728557364
0.2496677625279909
0.6466384075737875
1.077000076305403
-0.4886334870837988
-0.25418550914463284
-0.9305640537504206
1.0569664399296848
0.2687586024556296
0.3208222617595002
-0.05207257278669564
0.8303219179033492
0.7548147480935691
0.3653530950179561
-1.0308584879935392
-0.4689084580570928
0.7973034107124377
-0.38648442131229904
0.27285210595158077
-0.6934915550998125
0.5405975544297504
-0.41540657438533846
-0.7299484068363116
0.32467496019724196
0.4495379780361196
-0.019839902743720616
-0.12199484727278667
-0.6021585854896946
0.17804220788426606
0.5520694320770712
-0.29624981984285187
-0.20453897274372598
0.781873352629708
-0.8282614274602808
-0.1377938122320785
0.43628326163238
-0.1712103808588725
-0.018042142527000662
0.07062651760623659
0.8077032238481997
-0.19912820890472357
0.5709866304046628
0.5289157680103592
-0.11726770293602824
-0.6362631887857164
-1.067899714540273
0.63148977730616
-0.1859367621434172
0.013326730338980762
-0.6934643868399294
0.24753637643980178
0.27089469572441544
0.28549008310547924
-0.2948118633871344
-0.38192042086305983
0.7236163914918455
-0.3359031193817497
-0.9489006267911462
0.3421682523379072
-0.20756634964960438
-0.6908733231876304
0.5943256463153258
0.862994674969486
0.1773326522002162
-0.5334576758011248
0.26775223356693834
-0.19102031179718576
0.18373866254843133
0.49700725947178787
0.14682612587238011
0.8277247561209073
0.6366925420422146
0.2717838372363811
0.5268054026486184
0.3564952760351028
-0.2727223885178794
-0.6575059564781733
1.0175835594616733
-0.18571039701767422
1.2622089424516247
-0.1857881287215666
0.273107462870076
0.01481001841014514
-0.028588650325277385
0.6233443912002128
0.2692363638979248
-0.5692105153811448
-0.044573933582906795
-0.6466520891139503
0.44953814724182317
0.6593475148735859
1.065162830479066
1.1044784166114854
-0.8856757205949451
-0.08189891849510937
-0.9957770910528603
-0.39626691477320997
-0.8077815006975186
0.9023873952624791
0.14007815812511548
-0.46506279307715886
1.1301597081178507
0.22984769698601995
-0.44928608661311403
-0.5835023471283312
-0.6020006724802827
1.2181811874455915
-0.7939016669486495
-0.15267766847851721
-0.016549407583517542
0.34708402328096716
0.5773033145178029
-0.618496304187816
-0.24865948871043497
0.12343756693936005
0.2754419494455271
-0.29073718105663876
0.08334939661681699
-0.40970692922160545
0.759765699104023
0.7975376842774082
-0.20459465165491972
-0.45152455433398325
0.050168263274145176
-0.045872873184981934
-0.8459478774890787
0.4422036658228779
0.11418858438109797
-0.19707389333519934
0.996914889006305
-0.11319974934642683
0.00030022942079368495
0.536289858475279
0.4265710974273772
0.02488314535054308
-0.6200930474798102
-0.8288845050926043
-0.7967531780647905
-0.4799598855000327
0.884246854479053
0.3137370537533737
-0.03294830061896557
1.0043773153283662
1.0463203247092312
-0.024449183903480446
-0.261910736605602
-0.11345115473174995
-1.3801398735195767
0.4656220664590606
0.3477086630220672
-0.6178485913051054
-0.25445586264686837
0.17011861021653588
0.688097649131506
0.5719286520138644
-0.37942087724060614
1.008775030010803
-0.3513865257789908
-0.39817752317196525
-0.49568958594515805
-0.28189923140545664
0.07667420745898296
-0.15601171995591318
-0.4566905692569389
0.7163286757950784
0.5021525335682582
0.3463872572306563
0.6319016551351916
0.15267861025782498
-0.4280245728570949
0.11081610175864418
0.1964716677660083
-0.16435525153146227
1.1366378427951824
0.39207995369308074
-0.16415411725679666
-0.10855583696116955
0.5054103443500831
0.11836874485985321
-0.21552266904195463
0.5785207689178351
0.6872409231013774
0.7914241560999852
0.4057081089554505
-0.05309257895171034
-0.20392881796474346
0.1683214290620327
-0.3147151010308036
0.6545734947678813
-0.41345288161409754
-1.065541546014046
-0.18637835510222978
0.07378436627568175
0.5226627444750177
0.4530366143985315
-0.8222686726751972
0.25932233260667514
0.7251479667966859
0.04226836793265862
0.9521533904942173
0.2701514426384748
-0.3768279801141283
0.42011506652685343
-0.2852843561616142
0.15207355024477381
-0.04897998086557616
-0.04541704768318462
-0.6840839516040519
-0.2627976658432426
0.4431985325407493
0.24398750115994364
0.1625688141988286
-0.09240959242902516
-0.6040468728820266
-0.55958404605048
0.7645096221042227
0.3088499222654047
-0.8540903326977928
-0.01762696639078392
1.0814194749647723
-0.63786198146327
-0.5084255201636324
0.9839283811732354
0.44026043773509393
-0.7046112444170571
1.3725992455370846
0.1547756704039615
0.9869310250121837
0.5059118574446837
-0.050543512996901595
0.21963835902097817
0.046100491006797965
0.22547212858694252
-0.29324372009429023
1.1256009999380203
0.40746830547447155
1.1575691264447021
0.5122136200090504
-0.42736991239939115
0.3380289342843864
0.06996928111139603
-1.0340677627799038
-0.16607459419955745
0.290104774710465
-0.4900694719547029
-0.8693840104928566
0.5363935949437473
-0.15958816595812841
-0.48041402066965205
-0.11352304263569657
-0.5205273717284019
-0.41844399777516117
0.5028070773775026
0.9116600304236699
0.45769330512852124
0.22253190880404003
0.6040275990246874
-0.493160383831714
-0.639880160406439
-0.0419441586864706
0.8682344593389633
-0.12617119048618666
0.5747633482782311
0.15554789757744505
-0.4903372374916774
0.06001560554676262
-1.5704398522767238
-0.5261692905004981
0.10273559111823304
-0.988209638890814
0.14908326379215847
1.0922574093314819
-0.10546071604048003
-0.30111905711216885
-0.29050621786915115
0.12708547206516843
-0.3235605829267223
-0.12616297372863797
-0.5781868313558791
0.5209399117647018
0.6754551601598272
-0.013155538612379263
1.2415945518268028
0.11734097259076331
0.6620763394914009
-0.22902583272421626
-0.4573069531353425
-0.39458345354598773
-0.12159755886833237
-0.7243678695824577
1.5909109782215125
-0.4462140580286647
-0.04826749776480354
-0.39437468501340567
-0.2323422869671654
0.32679677833763815
0.18870705317312808
0.2163885811553786
-0.025313926709106815
-0.8774927544133532
0.14078055483263074
-1.0238668686666395
0.4939469544907164
0.6315721902656027
-0.3079325933046424
-0.6095367495383759
-0.10839514392426619
0.9556033921762891
0.49421803947192794
-1.0134182816285098
-0.09607049383832356
-0.23995040191637565
-0.2308835757528867
0.09755284401434663
-0.16693786785690548
0.1873618828350058
-0.18830151015673588
0.14982968542305516
-0.3078565023709945
-0.2537657186905437
-0.455829490833185
0.23732991099009623
0.25740449945448995
-0.6471450715205967
0.1198053320748352
-0.3367045207507892
0.9111840801410706
0.6250235216059071
0.26710212073516604
0.2501275897139241
1.2120857223149495
0.19165306839073443
-0.046456555445739275
0.306554804704129
-0.07524407386094384
-0.09347119367224302
-0.7814884719257832
-0.4139488097160675
-0.5471195062919544
-0.5284579083725618
-0.5066737740421704
-1.1093152783107205
-0.5809357899045231
0.4207677885070865
0.07094174454814886
-0.15989697802744626
0.13354997734861915
-0.5354672826053659
-1.0218781395814633
-0.7133348535313474
0.17672190857186346
0.8890146295809427
0.6346355697749724
0.5095784918318059
1.2099163434109395
-0.657057745785258
-0.48646497426005625
0.2808190244599369
0.7844061729157251
-0.44347915434831797
0.23708353152500397
0.37247188474181997
-0.1701901375978664
-0.22101969814942407
-0.32277470757480453
0.13849990123552836
-0.42143999034211477
0.5457274498708262
-0.2465870476908692
-0.4250984420207241
0.4404721976896806
0.9442034430045124
-0.10399022212595643
0.2100097736065401
-0.011210176282636956
-0.6161245105764819
-1.0052476454554191
-0.5571364619980934
-0.4747274144829548
0.35860914236665326
-0.06975254461213136
0.24854603192374508
-0.13939819638656079
-0.25008865933847674
0.7538489527141916
-0.2939617044373565
-0.6304077699009565
1.0345269684255016
1.419832328536939
-0.389577794392666
0.051082559153891295
-0.17671041348284253
-0.4348636897088911
0.6058039353379502
0.1392517007493121
-0.6454996112500765
-0.23965477822504666
-0.06185251602107763
0.9102361969729104
-0.7558494691850167
-1.1955156986208328
0.008573021400363378
-0.1557141738902343
0.6697584918833362
-0.3077604833260051
0.624901403396292
0.4590627379903068
0.6527646747267442
0.15472401462346785
-0.01728892273205507
-0.6259131472355466
0.3954560037167729
0.24275302096885526
0.2669740420217068
0.2667248279883387
-0.7927479941395612
0.13258470716190204
-0.26843852050755207
-0.3009980048024532
-0.5216957710036534
-0.4997169318780345
-0.12425826373121004
-0.507848913171008
-0.672716195425495
0.07681210186269317
-0.03968023482893073
0.42423357460368705
0.6513160146539605
0.08196536911094943
0.2832326694355226
-0.053272713448503976
-0.5022924354600508
-1.4037838391746367
0.7843872920588084
-0.047519194496129055
-0.6668935303614194
-0.12542734309899425
0.34684131855136185
-0.6801742124108341
-0.855360001113375
-0.03863706809591268
0.03063949981097127
0.19142238774196052
0.6458902815146637
-0.10537998159319419
-0.6742451483707927
-0.6990136309302788
-0.02680217634730033
-0.09764413446087264
-0.3188297826556635
-0.17014683914036183
0.4754377588541203
0.18601766863714872
0.18734578728448945
-0.16200381663980046
0.43344626616757176
-0.30496123822732885
0.9379653046680712
-0.6115242885349421
0.033583353353486424
0.1724353387157106
-0.15973937576844993
0.4843634436252865
0.08776897669741955
0.7684768621984143
0.1764625754191882
-0.07863645029710581
-0.4040900552099672
-0.2583057869041295
-0.2169150432509919
-0.793392769415948
0.07182430092024653
0.0061247376624544774
0.044767415736435945
-0.5727361147929964
0.187059258950706
-0.1008696439914032
-0.2932684938643746
-0.222369862351375
-0.6771546587760718
0.30565908836594824
-0.5682415879427686
-0.7255430662390078
0.24242593503977924
-0.4666154578653311
0.41053111332398035
0.11115244510831923
0.024133964771116175
-0.5116912983424103
-0.04829202867924249
0.39396548112113894
0.153979431879473
-0.23273886099377697
0.004991081574018831
-0.24072713703526197
-0.3889665703573201
1.0857904920223866
1.2600168932029026
0.195957128716399
0.7336764210389639
-0.14422114887472154
-0.32951464254626794
0.6743145578594878
-0.22328086217996418
0.6983327546535928
0.5720561820277443
-0.5540522242184647
0.5513113028099681
0.02637337984312713
-0.1606355843027629
-0.2268187823631522
-0.4711078335009959
0.11089529402484923
0.10189203542435961
-0.244602283371015
0.05760699204908342
-0.5790581559957972
0.8262449517231236
-0.166484761455491
0.39772999441347545
0.1029285975026682
-1.2662551171640586
-0.2751647661008004
-0.5550236406161874
0.3820787165817822
0.5282060160616101
-0.7923550388566357
0.6533894740591639
-0.35679205805841835
1.1103238110244746
1.2224106521208924
0.5791516487376734
-1.2149549449693937
-0.449963046587867
1.54688407893971
-0.6413691992181018
-0.682287454016278
0.28527319064651285
-0.5268570534352258
-1.846450935634363
-0.6295227694523383
0.22227447462976394
-0.5774682340093766
0.302573585868433
-0.28643907297379734
1.0209415558635895
0.9495678551036684
-1.0468720068268556
-0.7034529145247141
-0.6744385317851922
-0.23257441336081675
-0.4048621106584165
-0.3035165772078588
-0.02958359058153894
-0.3247872392050658
-0.2172616556833903
-0.9851841483028592
-0.020898004035938687
-0.5486632363291579
0.32566451311609623
0.34341944300134153
0.011369319377809408
0.49473303965424614
-0.8408728609512509
0.11398203122547552
1.1262432945488334
0.04678030011514587
-0.28599899387936756
1.2165172036462906
-0.042625118652892605
0.35174698112517366
-0.2837750469527684
-0.16280136121122135
-0.2657571834973121
0.943351336464039
-0.15168238459346328
-0.07501383182103212
0.045995755745700063
-1.3291755098779032
-0.3306599756479137
-0.06119687896073647
0.8243299209383831
0.08689070029545327
-0.9960001371168827
1.3503638493166974
-0.7946997487076675
0.6923082656846611
-0.058257214185344894
-0.10229509417057352
-0.16606895139506828
0.5369450919207687
0.30158898438980924
0.8290330169011547
-0.8231390776849932
-0.21361828838595592
-0.01848550494470568
-0.4841662539617573
-0.3962342028423866
0.22648972092316633
0.08426856973366177
0.3464670865661049
-0.22314734972410102
-0.04600233866836198
0.3177807894908723
-0.7927125169041906
0.11226633605366854
0.007299624697921908
-0.5820383784280211
1.472690751971043
-1.1464138119729252
-0.7496545541752284
-0.490319233067467
-0.02950556661736572
-0.0394132554071514
-0.22024425135159612
0.6499580047568444
0.4964935311699948
0.21113116504900728
0.5145932158779899
-0.5242380352118765
-0.5249799544838606
1.0260786418898609
-0.32918993965391874
-0.8108574263377117
0.5659711563809312
0.6628066023524404
0.3826865608347881
-0.25163838729324944
0.6093916113989798
0.21288117466760478
0.9627879671387706
0.36219633369880816
-0.44935924406076927
0.030704880005853252
-0.32923464466284275
1.2040676473119907
-0.13278892835153616
0.571617576846369
0.057323193245160275
0.06549695134495913
-0.20866616358150428
0.16486633631816677
1.3140492476665402
0.16918849227186158
0.22815909066973752
-0.5768416599831286
-0.11291719534599584
0.3538703728601217
0.6656721960352937
-0.16674365622049914
0.19681725214063986
-0.29906917817762846
-0.7736199206820135
0.3641612527747612
1.2356071950178837
0.026549931069633347
0.010139844879769147
0.23114745319002764
0.2839147386381331
0.7855457479235475
-0.6776795655963812
-0.7418694322351103
0.29759761016625286
-0.2413599256794273
-0.07819503088607534
-0.05546889825166515
1.5267285060772846
0.06985286458623852
-0.35981050599387976
0.5009691148388054
-0.31150865414070483
-0.06780679526343815
-0.48158286823908847
-0.18863573380589063
-0.23369229734486108
0.26510424182985803
0.03514434698467387
0.37786649707264663
-0.7795861513709865
-0.39961515479379467
0.3909210772496034
0.4759237238435699
-0.3731247634692618
-0.568471164963133
-0.8712807106587167
0.07250137391058402
0.40157171088287164
-0.3215922570849054
1.2973345079830645
0.06297182616550512
0.6698879610795333
-1.4214484475644207
0.09872714606940292
-0.009113761628513241
0.6887620720200062
-0.320800864121781
-0.1328657900369545
-0.26611513391097863
-0.2998151466290332
0.34375558839703707
-0.0470304492906743
-0.5711512838617245
-0.03672184161057049
-0.6664225246207847
0.24430369259010834
0.4931429956904766
0.24033391896725953
0.34912414999859587
0.11308632345335755
0.23152085121492122
-0.3271718385714089
0.33953584824332694
0.06049265495057252
0.05520260271018106
0.39921917702952864
-0.6049600132750222
-0.5538030672468413
-0.5888400908053124
-0.24054152783508817
-0.451504976354147
-0.17157370149658166
0.49092750513600847
-0.04755536162540429
-0.2792403348581597
0.9644137435254311
0.7879913692023939
-0.38442245066363046
0.2847616558411572
-0.20846165306146497
-0.9849983965385255
0.17411107965232883
-0.1887093767543778
-0.13014546440436167
-0.5221008340407932
0.07362952231847872
-0.028177649541335153
-0.1572978767748952
0.12118447880087557
0.3967495151126711
-0.7471072193438991
0.47330527438660536
0.1960650142049748
0.5572539595048038
-0.24249827703969062
0.5443390227319171
0.8028108015549754
-0.6893536341497811
-0.16640514966815803
-0.5250732822578571
-0.021916485549938153
-0.3925869561759431
-0.4270829787268942
-0.0011955710128061195
-0.0066576782226955185
0.4080292867013681
0.3631088904672247
-0.300048297084122
0.8182829833624378
-0.5220445123001822
0.24279936671471763
-0.24823762999947663
0.5423042980871627
-0.15450379442041093
0.1622249386005626
0.10085680813147166
-0.5296601994499939
0.04876245283600349
-0.2847161983587417
-0.15766819569456234
-0.32606021622875425
0.31968777058553494
-0.6136407333889403
-0.09299617330260067
0.24769686993701268
-0.8540652340999646
-0.0260633952777635
0.48812128611276984
0.06604514636626843
0.030025288740060378
0.724237736850323
-0.28228095421104843
-0.11602194870533351
0.08131866694061256
0.19820009950706471
0.1804820144427669
-0.34817543375394916
0.15496140713233858
-0.12718864344072142
-0.20746820378218575
-0.7633580675030441
0.669001691832507
-0.4289706343772244
0.20912092659831524
-0.6579762785948893
1.0514469985431505
-0.4990498275835483
0.47326251163302907
0.047266254851654685
-1.7632009074599224
-0.043222928757765386
0.13511887629219718
0.4534059483664145
0.24223704929374001
-0.029120627105645717
0.38335142083830265
1.0675065718299872
0.5512922242401452
0.05273688672561117
1.3804191247171334
-0.7374445417091465
0.4034258966787228
-0.574227486251346
-0.3168623439548735
0.3156885329039586
0.3412998450257329
0.03619556878129194
-0.37814995261741946
0.07427435877577981
0.030001086436734343
0.06196023422086086
-0.5512652165641421
0.12202189114879589
0.2713893878288202
0.1942154049408868
0.032542621083527824
-0.276474683071771
0.8867671150916013
0.004172782191347634
-0.02684254433643187
0.3630078949007018
-0.3732367768015156
0.27733809408507676
0.25675310658135087
-0.2457835953096982
0.31980782270030234
0.9980543787044355
0.382028132867158
0.6440699714468879
0.17840119431747556
1.059785574984131
0.4301266647352508
0.0425707053379652
-0.19297563494901307
-0.17686908976272367
-0.4736354699466114
0.3864527666791676
0.797878539081148
-1.159430462370321
-0.334889237674469
-0.707871509643447
0.24483651938084566
0.2994861513948878
-1.616808178360498
0.47991524405195096
-0.5082737934941225
0.05447904017482742
0.9104566730388907
0.10709664787512103
-0.12221845987764807
0.06661235310387494
-0.31063048798779336
-0.2112752217259534
-0.0199339337999665
-0.8881818681205448
0.13886016179455135
-0.25741089059974237
-0.14715863222098513
0.6528071920829344
0.5121602585977284
-0.16854393739620496
-0.18347885294946983
-0.32710667735894916
-0.7104147551884351
0.08342241905654468
0.05911789137095287
0.04864530882143699
0.2712022164350041
-0.008444319705814978
-0.6038131509374681
-0.26777653321830663
-0.3113678071896533
-0.15891856203436375
0.921522747150408
-0.06259227916848535
-0.4050775881944178
0.34752803702088
0.3045821804281682
0.007357935404562307
0.343944960442698
1.1800615594891446
0.5487992951771932
0.30778971022092577
0.9928254236921105
0.5031873935917957
0.6747690560687285
-0.479244571409467
0.2612790312717287
-0.1791806230710951
0.3074274240203127
0.5390024560039807
-0.15907125628354055
-0.0255211996085029
0.2754549651822272
-0.24835410861662185
-0.5565683480016624
-0.46781514881773517
-0.3146139665068117
1.1392392857163538
-0.4715812790916461
0.3460554383885282
-0.2261701773650192
-0.6974799020672362
-0.7259652075911317
-0.11072959919591027
1.109152250173937
-0.7047214768678538
-0.2771593249885108
-0.30405665478383065
0.11052552379835498
-0.14017590855159456
0.22226893755082344
-0.0738925117563482
0.9609660537273101
-0.470217049664297
-0.27378567697060335
-0.09779004743964252
0.2976823359656972
0.9970029411076895
-0.015160621823436173
0.2681536595061137
0.3937079881439727
-0.018927582266583726
0.5538749201262637
0.6369135654344942
0.730318211468501
0.22130318555935632
-0.062383318826190325
-0.6016376979782049
0.5290772854904356
0.7383180773223597
-0.10129398965151079
-0.6457075757053401
-0.19005248029057892
-0.657110206163273
0.019931686790829344
-0.4877923568753038
0.1146455860491941
0.2226146746342684
-0.7803124427344774
-1.08208210629626
0.5466939818448854
-0.4945497553259717
-0.19898897752570532
0.7161809616379315
0.09649325386569828
0.007893220397975671
1.2325693622942735
0.2988625436459178
0.3926871909742529
0.359275352446114
-0.13376380926864687
-0.7251597777264089
0.16101421373953795
0.08340810878977893
0.5709849319075369
0.4200107345530203
0.07699111147811395
-0.21779821248551584
0.8255096113132646
0.505673125424834
0.9619110100135332
0.5232546558826189
-0.36284144971191573
-0.5689364920745461
-0.11947603817648751
0.4251814150578307
-0.43349596910888627
-0.6097370646781869
-1.0924154141248335
0.026776582999056154
0.4459592293335961
-0.11357810505569313
0.6283262510246623
0.2754227435938305
0.27698804421529505
0.7254890893282984
0.14903618085245438
0.02659574907740619
-0.052077547285584676
0.06174095885201816
-0.25706515928822554
0.14718281737474004
0.11709913310088815
-1.27374060425538
-0.38573667702602377
0.21742118865950635
0.7167096132582454
-0.35273076697757766
0.42137018249694597
0.42841803402498024
-0.19986365440460355
-0.14587511720642635
-0.5022062882236892
-0.3034529430629933
0.44624661937134064
0.0739390713002755
0.0040001161736924066
0.5060351550833171
0.3496205013702424
1.402381221819274
0.22758151015496858
0.38613408187853454
0.36206101593311135
-0.017541921676513927
-0.06184759927095988
-0.35262275048333347
-0.21336235443012458
-0.7544640010674716
-0.775796657485739
0.385987443576805
-0.4040879157403539
-0.9273012493608108
0.7392269340859519
-0.021260092995687135
0.6403723567623134
0.06523930444809506
-0.549024669201111
-0.993003271921499
0.28659523109726937
0.4990912388847462
1.1777436616029162
0.8205070393657405
0.1226665815826945
0.04490911439070608
-0.7912927287440057
0.18270625838960136
-0.08766425757614763
0.2352273472417184
0.914453788053105
-0.2235111747896186
-0.9647953810710456
-0.288248293334745
-0.07100991004848038
-0.47059221496636044
0.0894077832561766
0.7203333969149197
-0.11264718595047435
-0.35163841189402273
0.4925299729377548
-0.4663033621586235
-0.24760019486831294
0.25391936642167406
-0.027677667067841926
-0.06312804779439718
-0.061449273622071185
-0.4241399088466086
0.3121769872227812
0.5590549610691425
0.048570604546235206
0.932357345770674
-0.6727540668306914
0.44173997450223546
-0.7405010574421843
0.05106360620032435
-0.22495291870161507
0.31935646043826843
0.5049867983088976
-0.5621223508891466
0.3363850252197934
0.23483771317959148
0.34270809863403
-0.04772553485612048
0.7120510351925253
-0.6885907004017777
-0.28363761441431234
-0.17898127915579456
-0.08515196127866696
0.6805768214831693
0.25568541997147115
0.260051109808516
-0.3309609625612983
0.16461049226191396
-1.1487383525759658
-0.32105561848381897
-0.2650385632191809
0.14026155171061053
0.09436480738567464
-0.6748873814345496
-0.22540010548817516
-0.5962600622918279
-0.843695905074856
-0.7025878891774922
-0.4854267709487802
-0.3083568364450102
-0.26872721351417206
0.5913615162526503
-0.9039566780980414
0.366777485829906
0.20910918775900833
-0.1283080552957763
-0.30585575588367275
0.8039853583886393
-0.4754782281819612
0.6230205217254824
-0.33329758481306004
-0.16262301861831074
0.5305948828478876
0.20888666697307914
0.6003938478672728
-0.5633425420968271
0.6892929062843342
0.021152470535748674
-0.6153812978218522
0.0323400292216562
-0.9060387637921666
0.02645533557167722
-0.4264455787944436
0.7871084338162486
0.019618203355453383
0.07240667036107154
-1.4163751738914006
0.28610883533751474
-0.028499297901565756
-0.038131057978012764
-0.41248113722713103
-0.5421289795953476
-0.5897856244288325
0.46751697386743757
-0.4076350950619407
0.6354522159480526
0.588640700080708
-0.45130482422472196
1.0120366293422467
-0.8244438507145544
-0.2973943240160522
-0.31563055144731195
0.6276354249164433
0.48017341480932213
0.5574849702143386
-0.4697535722913255
-0.8833425262424002
-0.3196637598211751
-0.17070891889568615
0.020174825374908046
0.21779446541888053
-0.05047913422377457
0.7377626235652859
1.236151981658303
-0.20844866742185789
0.36438572735788727
-0.12329173153361449
-1.0404571753610257
-0.5921038669151467
-0.031156919026361286
-0.10488668247744944
0.805273251730079
0.3471048933653589
-0.11288785357755125
0.29887046689397484
-1.2328942901384092
0.006732774189166952
-1.2476215973135503
-1.051805134770432
-0.47281266218854545
0.2443954899029777
0.4034852603142942
0.08908716471094652
-0.2973714155252651
-0.7014178769354945
0.5227721443264667
-0.963354179938037
-0.2725888260533048
-0.5006489647047228
0.396501066092432
-0.21500286217590125
0.47719618390182794
-0.8588348807798433
0.2604434123116182
-0.21031326500893352
0.7608105783905789
-0.09620127354651889
0.2282248830361556
-0.6042436149377208
0.43536667725821404
0.831133264958199
-0.5435410180347768
0.6377838597137764
0.5383482729366691
-0.4251746956057789
-0.25807324674409715
0.6082423620960639
-0.6986409767236526
0.5681174464292378
0.11052064303283184
0.2117532024774551
-0.07095905276078164
