-1.770477037524956
0.6589631165026004
1.9851274035332116
-1.9499996725928268
-2.1422688530434177
-2.837466284527861
0.6070416517396389
1.3023535182789026
-2.834566260160549
-1.8290802125262757
1.0103421838244753
0.46016315818510334
-1.6759337604112947
-0.9763320945996767
2.5853167934686105
1.936088676073167
-0.21127670956441502
2.656232399564769
2.6899359762486013
-2.455395754537559
-1.458602090625389
2.3528536949086876
2.4836185310247396
0.7370446399327806
-1.0050998399944975
-1.7122724052004097
0.40190381012407705
-0.5084256979717692
-0.16957121245819362
2.179841963389098
-1.136788729326176
-0.01599988740377567
-2.3781554502352167
-2.8401235358213746
-2.719057791573903
0.9686130516758089
1.3637442125401398
-1.2860359642280372
2.9537820123521907
1.4329051128519046
-0.8771589125912773
0.7026681104573727
-1.806927089241159
-2.0160281258998918
-0.015133224894539055
-0.003770512593596731
1.317284261821266
-2.6071649668271744
2.829453931244699
1.4975266819299673
2.45552995178773
-0.604077349731988
-1.7253241698994286
-0.6813064762474692
-0.8183433632966519
1.7287111792542982
-2.3684948265503714
1.6956474528610963
0.5146634960387102
0.5771861574073873
2.780312312042505
1.2464214622935685
-1.893305455903218
2.251395174959213
1.319638181958501
2.3609290202059254
-2.4844860557497075
0.21695404656902406
-2.3037152792008655
1.9371374364067817
1.658050986614068
1.0397617137761133
1.067299297423383
-2.2318492509192596
0.049147985617337575
2.03820336981836
1.6112379291990555
-2.1091783685718006
-1.279874965494085
-0.09764567897612375
-1.9155159548838772
0.21778331560875808
2.7652471426702725
-2.8439488842312164
1.0365424968910375
2.451163083364918
-1.3648764361165906
-1.8507628299492103
2.192599220261908
2.0416831605426697
2.9139082594928594
-1.1320340739033785
2.9318504344890854
1.7751624701657311
1.2629184564220326
1.6729179005612949
-0.653232927885242
-1.3468120807699278
2.853049436340072
1.936210671874842
-1.6611231815533212
2.486545089672086
-2.721208422442537
-2.755577626403546
-1.4319287394869633
0.2117095223027028
-0.05024735042582762
0.4275100613367244
-1.5376590651973114
1.0564721721976262
-0.6337927050094629
2.3409339532808637
-0.58395773089235
0.26037096059815434
-1.643344532785731
1.8526237071931666
-2.6528429814334635
-1.2821898902364106
2.6176437886672783
-0.10367391398396819
1.0476207638170294
0.7575184176809864
-0.3554450284464621
-1.708487900908912
-0.20196000025724192
-2.634405557803252
0.33399204082103884
-1.9599539986289085
1.9253504324884458
0.8639921954103871
-0.7693474562643186
0.754710046328273
-0.3473876004915417
-3.0306539007423074
1.5372440048249842
2.1551095707273173
-1.1335903174812456
-3.0750826131199336
0.8460460675956183
2.9804061151711165
-1.0597196127137667
1.3520922239502458
-0.05584593677922545
1.3713196829908405
-1.559237388727603
2.060315398465585
-1.8951509841057113
-0.2237732612248271
-0.13390929905714266
-0.999114127021989
1.7387606811925798
-0.17482734113867293
-1.612180272135944
-2.1231385287209603
-2.9503906690718322
-2.0884138222595707
-1.9790917459051598
-0.5793004332977296
1.582716028462416
2.1355318551421414
-0.15836005116207685
2.325206212622133
0.39585082875340305
2.9076272073677343
-0.62068371417661
-2.302616940378583
-1.8774960187406262
-1.134909468179849
-2.833089958136494
0.45144138591162974
-1.2747716175446364
-0.9940950794927481
-0.9495336188203596
-3.128326386474895
-1.420375773614796
1.2751094447562767
0.6684672374053897
1.3943014255293553
1.9809650815657882
1.1048240137042633
-2.0500922954981506
-2.937947916117736
-1.3257175534949208
2.924867850726124
2.290985097618784
-2.3686807804867067
-1.0304311991931674
-2.294587778665776
0.09656249887476953
-0.5380959239286631
-1.574050703272642
2.293382220371626
-3.0482465895661424
2.3666902930235363
0.9450710846652193
-0.6906924443695384
-0.8769490593880884
-1.9896844890430945
-0.5568152907977031
2.1707900650403396
1.4842847807618238
0.10780591201227052
0.04444828327088457
-2.4492758855459043
2.419158189572859
-0.12200885559809826
1.9229036475118617
-0.7741242064726688
-0.7629186799302503
2.959611907506135
-2.668565902456802
0.6020106018970424
2.2552402444493502
0.6627021660910035
-1.4471625286248608
-2.387557565811651
1.193220651831738
1.4824645977607247
-0.19234579542964392
2.3476900502395246
-1.0182242683785416
-0.7589986265220654
-1.8163074608175476
-1.971091842747107
0.9036297763131635
-0.052565333465706576
-0.4099458898729518
-0.4927214479395823
2.6943215404294323
-0.679112663431197
1.1004651900700786
-0.7411053814325568
1.8947308188084584
-1.8907998909980845
0.5905180505545307
0.08177085920447835
1.7025781719083577
0.41478564173040366
-1.1887470940717
2.4060516528262665
-2.2133120105449486
1.29814102551991
1.9707526343725696
-1.9459572340350402
-0.8931666469646955
-1.4646364889941963
1.316089501521735
2.032250748198541
-1.3165167375231186
-2.908022334005145
1.1128705127685397
-1.6429645890082412
-1.5395809821616384
-0.6453380093276317
0.8515935567000015
0.13612590766542088
0.9704129809237463
-0.5000552654504191
2.009760669001306
2.6948338416902544
-2.7647109991826544
1.8358799834165378
-2.7314222817351825
2.187003710908753
-0.812073475788857
-0.4129522554595395
0.12948190538334803
1.1590318227415173
-2.7445113031043835
-0.6549944234318379
-2.2249176525025973
-1.6769904105591935
2.5550554782574535
2.9791985958462677
1.1018939068155538
-2.4688934440745354
-0.18665713009953766
0.08503815244135948
-1.256478664349282
2.9718551839694953
1.034089895646292
1.1179521618002992
-1.8174639926391336
2.4745727690568025
0.47304324553844035
0.8953200358026274
1.3931891634319804
0.9877751034015043
-1.4528599050874158
0.02183955790969838
-1.0085866046704597
2.857925089478675
0.434091189258591
2.2894984959686377
0.9308537825951637
-2.577330231926485
0.4573613036536712
2.6970820963658415
-1.4032683316149819
0.20176541645070367
-1.7537950564358296
0.654470707130081
3.052641275979288
-0.15580268032749833
0.3230400616223026
-2.858679395444078
-1.4325583331844578
-1.175348472223251
-3.08060522310352
-2.179270616304195
-1.2930024074288209
2.9446080745869097
-1.7730619471767342
-1.1481040569337666
2.8949591214847636
-0.5051895860631292
1.6412838737825712
-1.824026345869678
0.13151194781060171
0.014823557924120045
1.5776023233984509
1.2882401801352978
-0.9587394559733657
-0.4884892845490456
-0.6319586311365732
-0.6157851723516368
1.2226181026799487
2.4589295870217684
-1.7602586389451527
2.507031993337912
0.78802485917037
-2.0871166683106335
1.5468187807831297
-0.6682964198285495
1.9770316336301033
0.9788712543182596
-2.963310792335015
1.9280946393645912
2.8667843448139747
0.6082502378649104
2.0862483291136513
2.9077691430640504
-1.1707619800051126
-0.5969825870843586
0.26360688151041867
0.9222181803164684
2.405547893873182
-2.645606176583522
-1.2790681501302317
-0.9253419680708692
