0.5135683417320251
-0.02980095148086548
0.03281483519822359
-1.5706970244646072
0.444762721657753
0.8471996448934078
1.814022347331047
-0.1352516934275627
0.2481006495654583
0.11010225117206573
2.1081955432891846
0.8989047706127167
-0.6200241260230541
0.009597403928637505
-0.11944111622869968
-1.4668636322021484
-0.002045388100668788
0.08583991788327694
0.0553402304649353
-0.00011006548265868332
-0.003562457859516144
-1.558614358305931
0.9120729938149452
-2.2457179501652718
0.4472213312983513
-0.08930124528706074
-0.046264199540019035
1.2195032089948654
0.7835111692547798
-0.46740588545799255
-0.17586657591164112
1.386722594499588
-0.027450849069282413
-1.3614197820425034
-0.0016187275759875774
-0.5498901456594467
1.171054646372795
0.08453453332185745
0.012003933312371373
0.7635888047516346
0.9466777052730322
0.1569042168557644
0.17089691758155823
-0.27911899983882904
-0.5597186088562012
-0.001246783860551659
-0.0759825799614191
1.1928585469722748
0.3238295465707779
0.00620283633179497
-0.16199924238026142
0.7823628857731819
0.12322599440813065
1.5199075937271118
-0.6776845455169678
-0.06825925782322884
-0.0029530029860325158
0.46475957334041595
0.017525571398437023
-1.4744103848934174
0.7707446068525314
0.7622858583927155
-0.1334878015331924
0.19344310462474823
0.015032885974505916
-0.6806058585643768
-2.6484164595603943
0.19235896319150925
0.004920991137623787
1.6995389759540558
-0.09116527438163757
-0.37312591075897217
4.0547690987586975
0.007057445123791695
0.33027851581573486
0.1967853158712387
0.02989612997043878
0.6135610304772854
-1.8341562151908875
-0.6985926628112793
0.1658633965998888
-0.07174715027213097
0.18723753094673157
-0.6902708113193512
0.19499980378895998
-1.3707008138298988
0.1254117488861084
-0.455941753461957
0.8248705267906189
2.340274900197983
0.07037889584898949
-0.28684382140636444
0.8810331672430038
-1.169962015002966
0.3869190439581871
-0.007600249256938696
0.2137380987405777
0.7062752544879913
0.5622699707746506
0.3287140727043152
0.01314966194331646
0.9418514966964722
-0.07886770367622375
-0.0073944233590736985
0.3552444651722908
0.052991315140388906
-0.8184425458312035
-1.0057024825364351
0.5880748182535172
-2.3546737730503082
1.35342538356781
-0.5128835886716843
0.14456156827509403
0.41036922112107277
0.29005926847457886
0.005891892593353987
-0.02382620656862855
-0.027559440582990646
-1.5603979676961899
-0.636527344584465
0.09376223431900144
0.18001887388527393
0.503632415086031
0.032593438401818275
2.0678195506334305
1.115196704864502
-0.8993766084313393
-0.05549399496521801
0.588920846581459
-1.6201009452342987
0.9374872744083405
-0.2021062127314508
-0.060004166793078184
3.1190192103385925
1.3860798180103302
-1.1321605406701565
0.15975388512015343
-2.9410876259207726
0.015499425819143653
0.20954066514968872
-0.6427026689052582
0.2829819619655609
1.4187004566192627
-0.19562096521258354
0.11721252766437829
-1.3877559453248978
0.5916876196861267
-0.4941732883453369
-0.3839363269507885
0.4878631681203842
2.158420890569687
5.173906087875366
0.5546615682542324
0.7027303352952003
0.03344088792800903
-0.11759614199399948
-0.463805615901947
-0.06782778352499008
-0.2993493676185608
-0.4261949732899666
-0.1415637508034706
-0.4700030982494354
0.6876568868756294
0.35289332270622253
-0.2480340050533414
-0.18005367368459702
-0.07162772794254124
-0.12284990912303329
0.4740545153617859
-0.49864649772644043
2.565125524997711
-0.16798482835292816
2.662836959643755e-05
1.7773048877716064
0.6712985001504421
0.06358835101127625
0.41143152490258217
0.3104501850903034
-0.18131608609110117
-0.2243768994230777
1.0487594455480576
-0.04730326775461435
0.05493111559189856
0.16191303730010986
2.3855199813842773
-0.5012171268463135
-0.9815876297652721
-0.07110736786853522
0.595720149576664
0.18446528911590576
2.1330376863479614
-0.024439722299575806
-0.06619250774383545
0.649843692779541
-0.0753677524626255
1.2081759721040726
0.009780794382095337
-0.17919962666928768
-0.009508420072961599
0.07059670984745026
0.23597776889801025
0.9182049334049225
1.122221201658249
0.5643821656703949
0.47282953560352325
1.5301566123962402
1.077930636703968
0.6689031310379505
-0.38119523227214813
-1.22947758436203
-1.678397685289383
0.1328732892870903
-0.08738697692751884
0.04216283559799194
-1.9013863801956177
0.015693563036620617
0.03479212522506714
0.3192532882094383
-0.23934796825051308
0.7866731993854046
0.042152796930167824
-0.6907416582107544
-0.003948929166654125
-0.17948154173791409
-0.6554888188838959
-0.40312493219971657
-0.011087656021118164
0.5610641241073608
0.7528216689825058
-0.21763307601213455
-0.30197542905807495
1.6410359144210815
1.7966729551553726
-0.9320961534976959
-0.6821318082511425
0.5035677552223206
0.19130641967058182
1.140497274696827
-4.497094452381134
-0.19179753959178925
0.9076616317033768
-0.02547115832567215
0.9213408455252647
-0.49349065497517586
-0.03995722532272339
0.033770103473216295
-1.9614292979240417
-0.46682870388031006
-0.10934379696846008
0.038566142320632935
-0.47735652327537537
0.20562225207686424
0.0005024291604058817
-0.5350338220596313
0.006134227849543095
-0.004245532909408212
0.02828220627270639
-0.47712284326553345
3.5687487721443176
-0.16177837550640106
0.15271829720586538
-0.28928137570619583
1.9604929089546204
-0.12781934533268213
0.024840788333676755
-0.5285607725381851
1.3878281638026237
-0.20809746533632278
0.07148690521717072
-0.38315628468990326
-0.09164535626769066
0.29362908471375704
3.501633435487747
-0.007659186852833955
0.04025719687342644
-7.530951499938965
-0.15775597095489502
-0.5218291208148003
-1.609391637146473
0.9812631756067276
-0.34015242755413055
0.09540648013353348
-0.1154080182313919
0.08930824138224125
0.7390547543764114
-0.8630092293024063
-0.14508888125419617
0.21032966673374176
-1.369551807641983
-0.01417087041772902
0.18203631043434143
-1.1104506850242615
0.045001039281487465
0.0037754252552986145
1.3204849362373352
0.9039338454604149
-0.46613574400544167
0.8450594302266836
-0.2973243296146393
0.4456193819642067
0.1008780226111412
0.4280243366956711
-0.03597815800458193
-0.47065961360931396
1.6830173879861832
0.6538657890632749
0.9066751152276993
-0.5973676145076752
0.11028400529175997
1.7918914407491684
1.7557035684585571
1.8583684265613556
-0.49837179481983185
0.009407625126186758
-0.3033625306561589
-2.9846721291542053
-0.001032086176564917
-0.10349671263247728
-0.22447986900806427
-0.001342809335255879
0.7122714556753635
-0.4847854971885681
-0.6699324138462543
-2.808200016617775
0.50515928119421
0.17978586815297604
-0.013791587203741074
1.5610619932413101
-0.4068189486861229
-0.35476821660995483
0.08295612409710884
1.693506509065628
0.03554798848927021
0.4006619155406952
0.0428665989311412
-0.01871781051158905
1.5164152830839157
0.2030305713415146
0.0011747731477953494
0.3103994783014059
-0.05364441964775324
-1.2083278112113476
0.024906307458877563
-0.530089259147644
-0.20871014893054962
-0.0004048310511279851
-0.09166131168603897
0.16019931435585022
-0.10788213089108467
-0.0015486844931729138
-0.11085416376590729
0.39517998695373535
0.668850377202034
2.9113935828208923
-0.7408264018595219
0.10895480588078499
-0.0009751571924425662
-0.17020505666732788
-0.08634335407987237
-1.5912221670150757
0.6862822771072388
-0.3020303249359131
0.008565811906009912
-0.7369256019592285
-0.025285534735303372
-1.1405158936977386
-0.31858908385038376
0.6855760738253593
0.07375568058341742
2.6220743060112
0.024062305688858032
-0.8230205178260803
4.009210526943207
-0.04707645997405052
0.16038443893194199
-0.11659061908721924
-0.054668614116963
0.6493638306856155
0.39827653765678406
0.06743058562278748
-0.05543009005486965
-0.14872058015316725
-0.4515749365091324
0.574279248714447
-0.05435267463326454
-1.8049276545643806
0.3560727834701538
1.6650509871542454
1.7297134399414062
3.3824617862701416
0.7502681165933609
-0.031346648931503296
0.23228657245635986
-1.2793379239737988
0.2572858855128288
0.04208020609803498
0.5059498026967049
1.0050286948680878
-0.3163471892476082
-0.11026063561439514
-0.019737480906769633
0.7102072238922119
0.02655454317573458
-0.025366992689669132
-0.35058189183473587
-0.0270478195452597
0.837453730404377
-1.6427915468811989
0.7999484688043594
-1.5615236312150955
-0.3385811448097229
0.12829212471842766
0.03754303976893425
-0.08810846414417028
0.416280597448349
0.02514576230896637
0.020962645183317363
-0.057092200964689255
-0.6504160761833191
-0.5801402926445007
0.102552882861346
-0.011733079329133034
1.2627738807350397
-0.09316127933561802
-0.12209248542785645
2.9683043360710144
-1.0037937592715025
-0.07885157829150558
0.726970762014389
-1.122825413942337
0.644187718629837
-0.8061400977894664
-0.11561526451259851
3.91192764043808
1.4793734848499298
0.5105708241462708
-0.7080868817865849
-3.292781673371792
0.079454455524683
0.5638809502124786
-0.4588935971260071
0.19805097579956055
-0.08847075700759888
-0.2555503658950329
-0.019436695147305727
-2.1010428816080093
0.966070681810379
0.20497918128967285
1.6973768435418606
0.8310638070106506
2.161256492137909
4.511093154549599
0.2832578867673874
0.6245519444346428
0.10759892594069242
-0.07161911949515343
0.1117754578590393
-0.019708983600139618
0.0492841936647892
0.8461911641061306
-0.10222984850406647
0.13651211559772491
0.6567128282040358
-1.078014075756073
-0.13296216260641813
0.021698974072933197
-0.028502708300948143
0.040307674556970596
-0.12276136875152588
-0.7017607539892197
2.4228723645210266
-1.0924848318099976
0.0004203622133900353
0.855575680732727
0.511026032269001
-1.2922579869627953
0.7860026583075523
0.4577079229056835
-0.4068653807044029
0.027090365067124367
-1.4184368550777435
0.04075772041687742
-0.02833436883520335
0.14813683927059174
3.357988476753235
0.07348805665969849
0.17416799068450928
0.013356217183172703
0.3960651457309723
0.33020535856485367
2.258860945701599
-0.8852509260177612
0.16269784420728683
1.6944801807403564
0.021912957832682878
0.28267739713191986
1.450182318687439
-0.08255438227206469
0.012754823779687285
0.14019770920276642
0.27194201946258545
1.6503835916519165
1.4423096626996994
-0.2807278111577034
0.38419850170612335
0.6263964176177979
-1.5338538214564323
-0.4629848003387451
-0.4173893481492996
-1.1608128771185875
-1.5194755792617798
0.7194941937923431
0.1937335543334484
1.3070248365402222
-0.1227039098739624
-0.07203780254349113
-0.02750345878303051
0.20541305094957352
-1.127980999648571
-0.596102386713028
0.038664368621539325
-0.4829714298248291
-0.001495590855483897
0.02860846370458603
-0.0121479332447052
0.4804935767315328
-0.5047629475593567
0.45309367775917053
0.13708174228668213
0.6222844570875168
-0.8577548488974571
0.8379458896815777
1.4297634437680244
-1.8996801525354385
-0.24992980808019638
0.6619735360145569
-1.0783328041434288
1.3169531226158142
-3.917231798171997
0.7128686904907227
-0.3597405403852463
0.2175215482711792
-1.0103577077388763
-1.1398773901164532
0.36825288087129593
0.029698377707973123
-1.9831274151802063
0.17654726654291153
0.28812123090028763
-0.012182686477899551
-1.3692768514156342
0.048910168930888176
-0.0009422324365004897
-1.4275080561637878
0.055231813341379166
-0.2026564022526145
-0.21641108207404613
-0.16188231110572815
2.122528150677681
-1.0821761935949326
0.4260584879666567
-0.72158307954669
1.987163782119751
0.09884216170758009
0.021368614165112376
-0.18103018030524254
-0.5386115163564682
-0.19171368330717087
0.16303988127037883
-0.749312274158001
-0.06297165114665404
0.08994730655103922
3.8231888115406036
0.00437035778304562
0.5474136900156736
-6.086039423942566
-1.299819529056549
-0.38065674155950546
-0.7157091498374939
1.3692152202129364
-0.9496096521615982
-0.14816802740097046
-0.1341538392007351
0.07540002232417464
0.08400708436965942
0.5309467688202858
0.3962453827261925
0.17496150732040405
-1.2061117142438889
-0.006765827536582947
0.2182805836200714
-0.4716584086418152
0.058274776209145784
0.13182108476758003
-0.40463484823703766
0.4849536959081888
0.21689828857779503
0.371887382119894
1.3277586996555328
-0.14386524632573128
0.11783713847398758
-0.39794984459877014
-0.023259395733475685
-0.9493530243635178
-0.14190000295639038
0.4537485660985112
-0.6301151514053345
-0.2532120496034622
0.011330058798193932
1.2232499420642853
1.9817478656768799
1.538715809583664
0.09402032941579819
0.01992049590626266
-0.20687351003289223
-2.6647854447364807
0.0010706523607950658
0.000653349794447422
-0.04801575094461441
-0.00021380817634053528
1.031030498445034
-0.2267632931470871
-0.6346170529723167
-1.9420809037983418
0.48335517197847366
0.0690899365581572
-0.05034811422228813
0.31693287193775177
-0.766651876270771
-1.6523898839950562
-0.22623353078961372
1.6171419620513916
-0.030203652917407453
-1.0417456775903702
0.08814996154978871
-0.8238440304994583
1.8540147542953491
-0.10577327944338322
-0.007553726289188489
0.1095951721072197
0.3087121322751045
-0.8565763421356678
0.6427282691001892
-0.7259794920682907
-1.2939588725566864
0.0012082301545888186
0.11120592057704926
-0.20546185970306396
-0.3335479237139225
-0.0013570979645010084
-0.1284753754734993
0.5755157917737961
1.8081895634531975
1.0671009421348572
-0.013660453259944916
-0.03807803988456726
-1.2037635315209627e-05
-0.6001475304365158
0.0069353580474853516
-0.7327879369258881
0.4249822497367859
-0.17441198229789734
0.0825167209841311
-0.3414866402745247
0.047201982233673334
-1.7502062022686005
1.4597000777721405
0.13840672373771667
-0.012074534082785249
2.8862737715244293
0.20968939363956451
-2.486547887325287
3.2577712535858154
-0.10714781237766147
1.5836757495999336
0.33959081768989563
-0.016286427853628993
0.16128083318471909
0.274252250790596
0.12836608290672302
-0.5022013392299414
-0.054200679063797
-0.21300280094146729
-0.12714916467666626
-0.03500124532729387
-1.0420596040785313
0.08138316869735718
0.7642226815223694
-0.009182333946228027
1.666050374507904
0.6229525059461594
-0.5155019611120224
-0.37127622961997986
-0.5808898899704218
0.06396429240703583
0.002307119080796838
0.14229703694581985
0.20684176683425903
-0.1597379520535469
-0.4317252188920975
-0.002908331109210849
0.3633136749267578
-0.07456737058237195
0.011788122821599245
-0.007526077330112457
-0.016484540537931025
-0.021327480673789978
-1.9181945845484734
-0.16682729125022888
-2.716003566980362
-0.46355581283569336
-0.22214599698781967
-0.02953969221562147
0.09333300776779652
-0.5006674826145172
-0.02347178920172155
0.00427016569301486
-0.042936455458402634
-0.791332297027111
0.6142679899930954
0.029813044937327504
0.004306729882955551
0.8900178670883179
-0.3683287613093853
1.8373840302228928
0.7170177102088928
0.35032891295850277
0.08253102656453848
0.5429298728704453
-2.15894216299057
0.7824443578720093
0.02430734783411026
-0.0846310444176197
2.4984593391418457
2.7287464439868927
-0.9716896712779999
-0.45147527754306793
-3.5976982340216637
-0.04841031413525343
0.5941458344459534
-0.4908793121576309
0.355246864259243
-0.0400235652923584
-0.9552067965269089
0.10347151383757591
-2.9944708198308945
0.41184817254543304
1.7136505842208862
-0.5475196912884712
0.8547434508800507
2.2648079693317413
5.728878751397133
1.7282070815563202
-0.09103786200284958
-0.08618761505931616
0.020931893959641457
0.9034682065248489
0.07747436221688986
-1.0176835618913174
1.9927085787057877
0.1408706083893776
-0.5287897065281868
0.5367048624902964
-0.3104454576969147
-0.01781601458787918
1.0810935869812965
0.014105954673141241
-0.18554080743342638
-0.09169942140579224
-0.6168816983699799
2.204440712928772
0.036954641342163086
9.824576000028173e-05
1.2340660095214844
-0.2665999922901392
0.6390223503112793
1.92729332880117
-0.020413260906934738
-0.43253819085657597
0.04659002833068371
-0.2863616943359375
0.022933091619051993
-0.013969029183499515
0.4892645329236984
3.495999813079834
0.14176379889249802
0.47067977488040924
-0.07189381052739918
0.15396562218666077
0.22802859544754028
0.9245827794075012
-0.3179623782634735
1.56227495521307
1.3200076222419739
0.04279650282114744
-0.1570184826850891
0.794309675693512
-0.009460106492042542
0.0018913851235993207
-0.34078021347522736
0.11528301239013672
2.287222236394882
1.560958981513977
0.8329105377197266
0.4523012414574623
0.8459877967834473
-0.9015286862850189
0.9892065823078156
0.0448690801858902
-1.5843840017914772
0.04287010431289673
0.35374605655670166
0.19139883667230606
0.06083184480667114
-1.1588597297668457
0.060684807132929564
0.025237089954316616
0.9987145513296127
-0.6112291682511568
1.6427858471870422
0.02477795968297869
-0.2417135238647461
-0.002040436986135319
-0.31594011653214693
-0.6024670600891113
0.35985300317406654
-0.5511724948883057
0.6419560890644789
0.1804269403219223
-1.39180526137352
-0.395113468170166
1.4243710525333881
1.0819478183984756
-1.51919224858284
0.31112896651029587
2.484597325325012
0.5533663928508759
1.2256890274584293
-4.17994898557663
-0.7172046005725861
-1.5414927750825882
-0.09921865165233612
-0.3840046674013138
0.24316345900297165
-1.4110168851912022
0.005917937261983752
-2.1118069291114807
-0.7264982759952545
0.318196102976799
1.2189541310071945
0.6858335882425308
0.03677463345229626
-0.01208661065902561
-0.2202686071395874
-0.01323606725782156
-0.21005689492449164
-0.23732819687575102
-0.33014044165611267
3.820892944931984
-0.6028737276792526
0.12537638284265995
-0.9440935961902142
1.6757214665412903
-0.1458739684894681
-0.014614526182413101
-0.08049477636814117
0.5923018977046013
-0.08503434434533119
0.23933377861976624
-0.9680553674697876
-0.020365357864648104
0.45676194224506617
2.806125283241272
0.005138891589012928
0.38079861644655466
-7.847332119941711
0.8193596005439758
-0.47000986337661743
-1.2470245510339737
0.5332757905125618
-1.0164794027805328
-0.6178495809435844
-0.13079722970724106
0.003911211155354977
0.5853901654481888
0.3340408019721508
0.18393345922231674
-0.273835152387619
-1.301984041929245
0.04182742792181671
-0.6439210772514343
-0.5060983300209045
0.2677271533757448
0.12367493053898215
0.6380349919199944
-0.27352726086974144
0.026851650327444077
0.09605646878480911
-1.1528285145759583
-0.010049298405647278
0.8330403864383698
-1.4432927519083023
0.02822796069085598
-0.6168310642242432
0.4095876067876816
-0.002776128239929676
0.4371337592601776
-0.026986874639987946
-0.0474270973354578
0.07869675755500793
1.8388491868972778
1.9676042199134827
0.17561271041631699
0.004998792079277337
0.006657768972218037
-3.4188326597213745
-0.0033799594384618104
-0.015763498842716217
-0.05471624620258808
0.000326544792187633
0.5945344269275665
-1.3591421619057655
0.0650625191628933
-1.049715243279934
0.9587337151169777
-0.2665612497366965
-0.004947317764163017
2.133911579847336
-1.6137203872203827
-0.11252415180206299
-0.39672993682324886
2.5504049360752106
-0.025766137783648446
-2.2248474210500717
-0.00035050581209361553
-0.694063201546669
0.9163244962692261
-0.2103360891342163
-0.0076914201490581036
1.0485786497592926
0.8137424346059561
-0.48764777183532715
1.2556210458278656
-0.8836892396211624
-0.5097000077366829
0.002429039974231273
-0.2758116303011775
0.7995058298110962
-0.42846765369176865
-0.007866687839850783
-0.401523232460022
0.9577846452593803
1.041363038122654
1.6394733786582947
0.6108520030975342
0.026744510978460312
-0.0009117390436585993
0.1836683377623558
0.03328845510259271
-0.6796096563339233
1.0920875817537308
-0.5137710422277451
-0.04286485863849521
0.8747340887784958
0.0006097304867580533
-1.9124260544776917
-0.47924210131168365
-0.0611790306866169
-0.1615361711010337
2.133579730987549
-0.013324171304702759
-2.8400554209947586
3.402061641216278
-0.0999194635078311
-0.26041632890701294
0.3590203821659088
0.023101637285435572
-0.044999152421951294
0.00934591144323349
-0.2146182805299759
-0.2617674879729748
-0.12526085646823049
0.8435086980462074
0.4087727665901184
0.09143012552522123
-0.9247394353151321
-0.018695712089538574
0.20661063119769096
-0.24815785884857178
2.8870500922203064
-0.044695015996694565
-0.605144813656807
0.14021635055541992
-0.29697830765508115
0.21937735192477703
-0.03623163711745292
0.8426900058984756
0.502539724111557
0.3219645023345947
0.0580112487077713
0.016373089514672756
0.8579932451248169
-0.019236984429880977
0.012737917248159647
0.05038587003946304
0.00601540447678417
-0.731033843010664
-1.5287361666560173
0.23826979100704193
-1.6055447906255722
2.1525789499282837
-0.21647626161575317
0.07027731463313103
1.1613313928246498
-1.1252377778291702
-0.012974977609701455
-0.020841422956436872
-0.05580274946987629
-1.0683052688837051
-0.06764073669910431
0.05110932560637593
-0.038901141146197915
0.4366514664143324
-0.1560673462226987
1.1729095876216888
2.1302416920661926
-0.35825397074222565
0.1978106116876006
0.3529888242483139
-2.0255813896656036
-0.41430264711380005
0.04588179290294647
-0.03447376284748316
3.8149339258670807
1.6595476865768433
-0.9143917709589005
-0.37285715341567993
-2.9114791601896286
-0.017361583188176155
0.20118142664432526
-0.2455398589372635
0.4188370108604431
0.4027465581893921
-0.13701430708169937
-0.03403241792693734
-2.2010498046875
0.2791709899902344
0.6811971664428711
1.0563184171915054
0.5926543027162552
2.088649421930313
6.052272826433182
0.49261027574539185
-0.017181657254695892
-0.04716389998793602
0.3909674175083637
1.3038042485713959
-0.3315183985978365
-0.719207214191556
1.7550043016672134
-0.5926402918994427
-0.10331447422504425
0.32932470366358757
-0.9343488812446594
-0.025647133123129606
0.32048771530389786
0.03902105148881674
-0.11496308399364352
0.24925947189331055
-0.662205308675766
2.817810535430908
0.03927251696586609
-0.00015894693478912814
-0.5159082412719727
0.23477843776345253
-0.860416054725647
-0.5226320773363113
0.2154742255806923
-0.1415726700797677
-0.2593467412516475
0.37182462215423584
-0.054003278084564954
0.011368716834113002
0.05412382632493973
1.9357999563217163
0.3363581448793411
0.5510198473930359
-0.03892346564680338
-0.17175040394067764
-0.1703209951519966
1.5071009397506714
0.41224052757024765
1.5814378410577774
0.29857686161994934
-0.023998257122002542
-0.44462762400507927
0.7884960174560547
0.1071604173630476
-0.008857426815666258
-0.06854008138179779
1.7837635278701782
1.357247233390808
2.501074492931366
2.238310307264328
0.14173143357038498
0.4175393581390381
-0.8611311875283718
-0.11573829874396324
-1.5195969939231873
-1.4682437628507614
0.7191159725189209
0.14918997138738632
-0.07456527277827263
-0.918624997138977
-3.409454107284546
0.018518943339586258
-0.016940520610660315
-1.3962109368294477
-0.2884167321026325
0.24497173354029655
-0.006767640355974436
-0.7703419029712677
-0.00011735523003153503
-0.20337289199233055
0.05160433053970337
-0.1734750885516405
-0.5397637486457825
-2.28925908729434
0.1269371658563614
0.021793000400066376
-0.10514190793037415
-0.582640428096056
2.005786247551441
-0.7077355533838272
0.7687564715743065
1.543163776397705
-0.3813953697681427
0.1718310099095106
-3.474704384803772
0.9274516589939594
-1.2927546799182892
0.25525493174791336
-0.011070594191551208
-0.8517678752541542
-0.8207259625196457
-0.022950104670599103
-2.2610517740249634
-0.5321407914161682
0.30314240977168083
0.15023204311728477
-0.5398863479495049
0.520108999684453
0.020260391029296443
-0.6715312004089355
0.0883349128998816
-0.04038901627063751
-0.009582295548170805
-0.2231319397687912
2.81012861430645
-0.22492043673992157
0.15730401873588562
-0.5920185036957264
2.1214546263217926
-0.1723421225324273
-0.02046381076797843
0.3940979540348053
1.724742978811264
-0.33494951017200947
0.09498821338638663
-0.5358927473425865
-0.02402279246598482
0.613763015717268
2.395732969045639
-0.0004897118778899312
-0.051719218492507935
-6.972406804561615
0.12655872106552124
-0.4915688931941986
-0.41093456000089645
-0.3842805549502373
-0.48843903839588165
-0.650627113878727
-0.14055665209889412
-0.022646065801382065
0.20869649946689606
-1.851342648267746
-0.11869413778185844
0.3065446466207504
-1.4497460573911667
-0.02199333382304758
-0.4065749943256378
-0.4129401445388794
0.11140877846628428
-0.07705419138073921
0.2729489505290985
0.1642847266048193
-0.33189563546329737
1.2134076841175556
-0.1033189594745636
-0.26297787204384804
