-2.4190181472276766
-1.4958177624984255
0.004126274644317807
2.3335858580378526
-1.6839407038959342
3.1066915555380676
-2.045507887933523
2.926381799271878
-2.0705603863386006
2.5458572125750285
-1.8244646882861035
2.474621669461359
-0.2706966654010108
0.14418646633344512
-1.5563437605360184
0.30141200668046153
-1.1724329752969238
0.23906458070038594
1.4832608063291497
-1.681753039277554
-1.5556015393493594
-1.3499724147919536
-1.3094844592993737
-0.21869046497013578
1.1880346182613968
-2.3779733241876193
-1.1626426859570316
0.5183268710027602
-2.4855850472391223
1.150752027349185
1.1852348131211787
2.46387025882715
-2.1800440978930715
1.5510367516215853
-3.1011433378515654
-1.745288294868321
-0.20976192385791448
0.9442184546182695
2.0580604412330716
1.7184200810958767
0.21862779443926117
-1.1466348294206317
2.590722505170721
0.16912313764982922
1.049646761372129
-0.5760405012150125
0.2704859929654968
-1.2344741296136368
-3.116679472283774
0.10331004302436053
-0.5673618565671719
0.7627399092842753
-1.18349630436453
0.04467556535092987
1.1444744012146693
1.0437123624865938
0.28740668523391655
-0.611296233857102
-2.6137390548875743
3.043978998155472
-1.1584099439890077
2.2833558840288797
-0.24112314675225033
-2.7561518614872282
2.7798301408992527
-0.9101207237158464
0.3175439068203807
0.9578810410855896
-2.4868139034412318
-0.5041841859064338
-1.2586888544760397
-0.3457639387843092
-1.6593694577661184
-2.0203383389225547
0.8887174339552022
1.0593178255273044
1.7790328963389586
-2.9291959215026617
-1.9217129437242313
0.6689550603568666
-1.6107608186974507
-1.9278699742417795
-2.878626572665587
-2.1247795974563424
2.5065933657832504
-1.6422167489455377
2.465791346213056
-1.6051074066092548
0.9536107407089238
2.8809629442084885
1.1607654631017015
1.9945577965111072
2.4684703235821948
0.4143529089163236
1.7234765887310974
1.445450047070465
-2.5058239669395515
-0.07340737445871426
-2.9210911039949394
-1.4000974826978674
-0.2421247869278904
0.06561319132380516
2.2819213551414883
0.9704327146741027
-0.22998766903107626
2.59695248397645
1.611214031321138
-1.8396323150205378
1.4387671862152756
2.0981534765571626
3.075852087826836
2.803035473057289
0.31477812320422904
1.5633520778481618
-0.39152763137986657
3.0846961813388303
-1.8931513979410493
1.956602232737242
-3.0889388364855725
-1.562226745485324
2.9598134695681857
-2.234170259189831
1.2662571023883826
2.8416996382287394
-2.0300801996692184
-1.7172466353110172
-0.4455904503905601
0.9265629702683356
-1.0433306696504814
0.5315106601517972
1.8551649600060705
0.08292624892946243
1.9115823316317728
-1.7734244887687527
-1.0129112246839185
-1.7834750304036187
-0.8655253802083904
-2.124377764869665
-1.7909335279855583
-0.8854039317952096
0.8947131156846497
-2.0410452330438096
2.0834063819688957
-0.40051527945494536
0.6214114724303852
2.2996151302001415
-1.9745859343273298
0.039569611586555364
-2.0554041494954447
-0.17167820115454235
0.45603847726105684
-1.1931107806192411
0.8724491582251535
2.1984732525641606
-1.2547081217502722
1.803330833494396
1.7599302173081997
0.32507539217805403
0.8903506056938042
-2.1734275044160514
2.3514057686891547
1.3289503841419714
-1.5284590533751778
2.264495983169022
-3.0499834514550983
0.6358789617748926
3.096175081406117
2.733054287579
0.29634139535678816
1.5758292912927558
2.3066164929958246
0.1073579123686792
0.518948054236823
-0.7862361475371258
1.1841218274359608
-1.369817628189802
1.536167768553721
-1.004964553223306
-2.8380659931288434
2.0950865804226853
0.5883590573884074
0.1975098634799286
2.8436863798195864
2.380172565576225
-2.59031491818899
0.357313621974372
-0.7227094448735301
-0.28344939157562443
3.0319020910660495
-2.015688686145264
0.513806371348652
-2.4954879178588563
-2.3340347611493266
-0.641446063890752
-2.886086133312973
3.1340129085306083
-2.3345070470337643
-2.654410660936356
0.061624375024476485
1.9783298111412488
-1.623229192367943
-3.0184377869013232
0.9804267469790933
-0.7243408380139056
-2.003454816303937
1.9892741870096806
-2.9185365245511994
-0.4837360075025976
2.8860725442381314
-0.3855341195801385
0.17706440696528025
2.320028878569345
1.934780364533716
-2.6451349198125738
-0.8408283176919333
-2.9405656462327396
-1.572469207958126
-3.0810790254188714
-0.20907777275667838
0.05574772116244686
1.5355836960341378
-1.842364330101161
-0.43860324308386556
-1.989700361223105
0.1891492380211628
3.012948748012114
-2.3879164576339047
0.9030533888936123
0.0003562876952822869
-0.7189384255377642
2.175429290664777
-3.0121047779584997
1.8922956334906704
-0.27822720706669113
-1.2562104875430542
-2.8247144075142057
-1.8512581835098494
-3.080449001418793
-0.03568432205668559
-0.17937850087660756
-0.2683922805123973
2.023879640591799
0.7615150901331624
0.4495669030298064
0.20240360689960468
0.9878827053081336
-1.4253391658507732
3.0034470649642566
-1.3359422919967936
2.863009312254266
2.2027209764854856
2.7753521813477624
-2.29198493865247
3.063258009095903
0.9033896127213055
-0.3023288118957326
2.4990756522955335
-1.058191530674541
-2.3245528766780152
-0.1934867067867465
0.6903321230357462
0.5455051357295897
-0.3274558145064388
-1.0612241718584463
-2.524132987189758
1.5620759673971225
-0.33737250760999027
0.16244251274035637
1.0996673822243572
-0.4069096860545143
2.3167953077739805
-1.6065801371489015
2.052067813176704
1.2767900726185877
-0.2949693259117967
1.6463509988239755
1.2050778018288941
1.3757165362424528
2.719041211997774
1.5127523742504625
-1.4629980738775117
1.8519070342713064
1.0300856319272746
-0.7693238310952744
-1.5687936452161544
-2.926693538150923
0.8922721410472931
2.2958770024626665
-0.7046389693300572
0.1754724283932978
-1.7301370234249822
-0.47892710161453556
2.356761674504007
1.842294223568488
-2.1280393383425675
-0.7546834724618909
2.481907577004403
-2.466442411441918
-1.9987933153135198
0.5240201174835741
