-1.8934795992885287
-0.5459939072503728
0.4339579903371193
-0.9981443567685002
0.13142211597300993
0.4392434958320871
0.3538027119448971
-0.4825953548603723
0.7220304707250851
-0.17999670446990737
0.8612955566759967
-1.0132756749953813
1.1514862636265153
-1.9232804312823735
0.5941377420473081
0.34555692775094027
-0.39912241300632556
1.1858923159737287
-1.9877522173844722
0.7912369921244471
0.8643185070427917
-0.32325243170891593
-0.13290561374252907
0.3005836207948464
0.8842134596794413
-0.5410097568098058
-0.18474822681868835
0.6554173013710387
-0.15500038710619204
1.816881413710907
1.317927823163255
0.9793072320007291
-1.3627506642966485
0.4246457467341262
-0.18558791701838992
-0.11519494823495875
-1.0067117217917247
-0.11602490671238175
1.0833097646335026
0.016566646278603343
-0.2692470092029029
0.012340555792919268
-0.9700846212582022
-0.22058985063653816
0.685703392136187
0.5280176774176811
-0.8920112943029566
0.5471186899164581
0.4714346377842195
-0.30778332073351267
0.3884628690276525
-0.9853959400259437
0.4579957714215011
0.25640728209158753
0.2364722797643625
-0.29050404264521007
-0.19917076838018333
-0.07792250149891031
-0.7262370728304322
-0.2681640349267998
-0.15832169593242137
0.6135391077504367
-0.7002701414875545
-0.15034625622320824
0.5032514397768901
-0.9738037578584482
-0.30864662208072136
-1.4278665676240239
-0.18811397756506018
0.4412858816504489
0.12065996225966161
0.8646899159547017
-0.4157591659275625
-0.4369153670924886
0.7111743044890898
0.5918142725856302
0.18362818169903938
-1.1565311070243183
-0.644385331525982
0.2153586736131028
-1.237507547052673
0.0005315506452368224
-0.7547146714862564
0.15026000350587934
-0.08769337998910802
-0.6259283146217535
0.3878230875398508
-0.7771975171857072
0.45663363959054803
-0.3033368127886015
0.5896172413377506
-0.8728626509800556
1.4594455123555454
1.6642682268337319
-0.4247979613738602
0.9393397184217936
0.27075916420889296
-1.8940067101853237
0.28655845692834603
0.3665685825121806
-1.446033193744326
0.8184448631723272
0.6674433153354574
-1.3204699472531458
-1.4764678727123317
-1.2960527197524578
0.026223497846485887
0.44965892095835613
0.24680877004267737
0.761848552167513
-1.0816330659125224
-0.5382710597092665
-0.2724332740109399
0.5662332153978926
0.24350285931171695
-0.09551012810270343
-1.170510174663631
0.19055746808615673
1.5342334140176508
-0.12910945118456657
1.4322401815260979
-0.10219372921257237
0.4566726770316504
-0.028658408492780698
0.6448846431331436
0.13401972632866593
-0.26344986916925567
1.4444641004145151
-1.2888406088146451
-1.8143726225387238
-0.05274992033187718
0.026533174356026885
0.42981307068088354
-0.009674914529385138
-0.07250923955851543
1.266256902895832
-0.7287651402415813
0.2804908774655724
-0.2345191637385101
-0.5671488861357183
-0.7888611238988708
1.026546754856383
-0.6075653051619765
0.09596310714016996
-0.03145531542245732
0.010093154587306504
1.5567460309306178
-0.5027513329844879
1.8860314747459965
0.5141091291293954
-0.3631543802466836
1.7395260953763667
-1.0316916365380429
-1.3133123837467107
-0.4599821224631344
-0.47693205894387625
0.13107740716129684
0.9835637168041043
-0.29597559732358425
-0.7115207260180921
-0.8276091714013888
-1.2205685073716515
0.0945308109248755
-0.9487811639575083
1.501611596391589
0.4638494192285408
-0.49551332151430644
0.38423080094050815
0.3121032040829201
0.6852151360974884
-0.4947728815883347
0.6073060609868541
-2.1914795558492113
0.17098225850688176
-1.8102956440610112
0.3387539834721663
0.037626763129397604
0.1899348092645856
0.9286619627020456
-0.1472420729183762
-0.5780025432841496
-0.5236752956363995
0.01635889435570039
-0.18280168230170818
-0.3199132929593177
-0.4880529681388257
0.022251998789967115
-0.26708104069174543
0.312211614771541
1.1154347010798797
1.2681490899083547
0.25679884482480947
-0.7235006933469899
-1.3483639292708034
0.16858108515818615
-0.23292585458355142
0.4417460916773669
-0.24464966215424097
1.040498732182277
-1.172112081322605
0.03692243207235902
-1.3630753778690945
-0.31174650818195193
0.9082812520143769
0.755400998036972
-0.4714265728170941
-1.3866732088539595
0.6465637086654844
-0.693615737869447
0.6450094622785383
-0.3174455530516413
-2.1486410623014716
0.44372777679780306
0.04816826722192984
-1.0103328118967603
-0.05003597179625481
0.16705453202129808
-0.5594588213917663
0.06547097956291295
-0.891900565610693
-0.27559319565189677
0.7968182843912893
-0.6222443899330617
-0.5278566492366686
0.6995341032975076
0.5269870671357281
-0.1576349564476941
-0.7252302310492489
0.11932505895293939
-1.2533394837956786
-0.764438664827884
-0.6583196478775296
0.8426489201005445
0.4129406036483702
-0.5151171517257125
0.3920144367665919
-0.8031946170528443
0.5505465923998103
0.4958814084291988
-0.7619506042968528
0.5097160217431619
1.1108420469876983
-0.6660344568214762
-0.45482778713398786
-2.830314431232687
-0.4041656583961343
0.5772413670845258
0.8577309152475129
-0.9949058635104477
-1.073732688318938
0.1276586145992759
0.48168106265840394
1.4290788256429208
0.7134536259478758
0.528445478743076
-0.7246819946404817
1.013093789859839
0.3276009990528405
-0.28672785611021134
-1.3620845496312757
0.44460165257945816
-0.5008234138224625
-0.7962902511399149
-1.655422176935019
1.2117361017127166
-0.6769500388358191
-0.43420504699182416
0.27843074703387105
-0.4375566510683533
1.6064617027341594
0.04338691186395937
0.861553512810781
-0.19016320130733785
-0.35259336100825794
0.9858490511124111
-0.1068468526725429
0.19313094733141514
0.8452405865612216
0.16360566385031444
1.3173899010813332
0.15643126951227293
0.6402322402258427
0.7519937132542293
0.6112399286048006
0.02050120228520735
-0.41233998949506884
0.6303926981626569
0.37818761800137723
0.5970801960474144
-1.0710292902051788
0.17353369979789865
0.8757291827736615
1.2165736073704798
1.175220657037719
-0.7335936128785684
0.47882547354609517
1.0410340778301184
-0.4078914267494799
0.4641670721428624
-1.2219488192979309
1.7571287735702377
-0.12974338617852077
-0.7405573519094624
-0.5038021235557383
0.6043586632018866
-0.18129127571035544
0.4105246959626853
-0.5294114217526573
0.6169966452656142
0.2617869050503888
-0.34457416528682466
-0.24199688738681843
-2.036764170014174
0.20046637438545464
-0.6472875779910354
0.4176614359529029
0.42728823536284033
0.5991857567157284
1.2093374025023715
-0.28138902753116174
-0.706859057907568
0.17934323781191913
-1.7964429788462697
0.7435367034293916
0.2725475110937669
-0.3031368516815013
-0.24875218203101687
-0.04296246698121428
0.32151643694253157
-0.6333700253302958
1.9308843420745168
-0.42755177341807193
-1.3795098143365794
-0.32067158745526697
0.09354598027375907
-0.6082606741027553
-0.6245680534423296
-0.8336299874209614
-1.289617125440763
-0.02240270499587403
1.3521222042824161
0.19513375618251907
0.09039370702240121
0.9788387048593767
0.44039733704419354
0.14015620446115687
0.5848021760929069
-0.1622637232645003
0.329610416887403
0.23662905588230945
-0.27535517733542547
0.23558426388934003
0.42135228666562125
-0.6865167679774311
-0.46768567998282345
0.22828957998407157
-0.2519793532547962
0.2751175965892957
-1.4509432202154795
0.3777625190274983
0.15705667509733992
0.34151936258864496
-0.9235999066252182
-1.0408179917919458
-0.07208443834838792
-0.1409560996811246
-0.09335548410848979
0.36980959780865236
-1.516668508317678
-0.47194423682570813
0.983558642510084
-1.14329320571437
-1.0771157850369224
1.8910101617544002
0.3225543925021735
-0.533303975281217
-0.493566493480497
0.5698821066265845
-0.25246142941399874
-0.13082254193871565
0.382954316113743
1.4592823894470037
-0.48394322383404464
0.12367838686831437
-1.333775735012083
-0.44459991490458417
0.40429203062671165
0.07702723994869178
0.4329246312109632
-0.4080353324487348
0.6975845795589367
0.13446113010468683
0.08054360548617416
-0.4660800565357044
0.4355624497439371
-0.6843874817299328
0.9946197798608246
-0.4072866923897075
-0.12476154454367537
-0.8460331033296183
0.8161839072219785
-1.0672244410030256
-0.6252150946094301
0.6380918200125631
0.2745264324179788
1.2046278346929535
-0.5592329244585572
0.23224047269138648
0.4668943239076536
0.02664720925066645
0.21232214084467685
1.0756592593004115
-0.7610383874381237
0.16926121191539603
1.3471026945612963
0.16958011680778012
-0.28525190613107865
-1.2212655762012858
-0.5639355555070764
0.8694707140012707
-0.9727879739628731
-0.03406792154876111
1.0067537551864703
0.5896085329442691
0.3579119196143695
0.41842551888784907
-1.1347183423770406
0.7684361647179311
0.8567262686830024
-1.0937978860669775
-0.02382230355000944
0.381124055778934
-0.014921303974244925
1.1148852061578334
-0.4699305342438586
0.33748700870643034
-0.6625986713399087
0.11051121476822019
-1.167451751528969
0.16988113138117547
0.6120624014591933
0.07327325054730072
0.5602293273361517
0.7591043926448086
0.9353949343797223
-1.3477320870813896
-0.7764934768239986
-0.3523967545180429
0.31749080460070683
0.29081850813736565
1.279463122456031
0.0017371376553942848
-0.6749664030254772
-0.2560198654498918
0.9187914307249921
-0.06003293542108808
-0.9179205230480647
-0.14661752154288882
-0.79551470821732
0.26115511464931845
0.82623963680507
1.995695810249696
0.6102095027172441
0.11565150587180191
0.5499181006424526
-0.7128288456165583
0.4040516346631192
-0.5702157540006494
-0.8940894706579697
0.506704278784835
0.4523405636673695
-0.029549036504918733
2.5681842163636057
-2.014091519825877
0.7533851450661487
1.2426285536260415
-0.44397214108924976
0.06976928965872535
0.8116812060938483
0.45426185538651564
-0.25662883199175557
-0.3312740295059041
0.07569263387118419
-0.6926406047746668
1.147693006585825
0.17505207794975228
-0.4204641922423555
0.09562415492125427
-0.057614910364851765
-1.193149481724292
0.9456191342991646
0.1798163152977909
0.9894718400459886
-0.386032082864519
-0.42649934430510433
1.8017156794128268
0.20660708362049227
1.7887872279477286
-0.29986587973324275
-0.08235241834504152
0.0225537807698363
-1.0341758174349904
-1.539880251945714
-0.43960575794441786
0.6130460973821912
1.1002099360535118
-1.5037498238082028
-0.7027099494844246
-0.8271662406486266
0.4816476122630845
0.1314719254160582
1.5331385175099939
0.3939431071904264
-0.543687030381192
-1.0399892995068238
1.572808831378463
0.5667861735508926
-0.13800243480276425
-0.30843492520610244
1.1769488030569872
-0.20474149203839848
-0.14638853390216364
-0.9499767296489176
0.29376171796428174
-0.6028687470524111
-0.7067628024307038
0.19703558353582348
-1.202735358244565
-1.4023702147602182
1.076929832189186
-0.9275005568337801
-2.1475827465604125
1.5661562549221817
-0.34167309656048045
0.030244141838728283
-0.8974496322241945
0.7560319704977281
-0.11347814523206623
0.9976623708640561
0.5973598448292576
0.02425004579973638
2.4400282959925153
0.4920328560356359
-0.06418175622007274
-0.9747303480417855
0.993063800579417
0.33562431406841026
0.9288551975793008
-0.12563210317440282
-0.5512572888877266
0.6756058944692894
1.2154548561512946
0.515089307136822
-0.48995009345882695
0.6415787281101195
0.4258472371548788
-0.31339060303350036
-1.2445965940588921
0.6740529597192226
-1.6047924007189691
-1.6267147697068625
2.261064798475817
-0.1092126022772757
-0.2789433190139978
0.30519140558066343
0.579233401682688
-0.28738166886522876
0.4048067968133132
0.9178852731826044
-0.31869337583515284
-0.03154114790032631
1.0587458523656306
-1.4631286268566952
0.8871765409795479
-0.9384747056381159
0.002461552972923347
0.5866562049462138
-0.14659000306770414
0.8094953656041731
0.5754799489118831
-0.040564092101251004
-1.2618295259991288
-0.12191900502607939
-0.5595859184073856
1.0220789366588896
-0.7688467323273654
-0.4418569338652084
0.21516223138099322
0.802711503132631
1.1426827855713801
-0.04134411439351892
-0.8055896332458073
0.4711926686439885
0.1781512230290351
0.6083609929973386
-1.7243017861360421
-0.21639468820374583
-0.1330352714403148
-0.07835469668323075
-0.2906695971658187
-0.3149381374487342
1.7978061787403612
0.7951338673412479
1.319981034329073
-1.7882000348086748
-0.10348010206197124
-0.4268481183264014
0.8356494267709669
0.26570695009235207
0.6367510917869884
-1.1677735611269813
-0.03443145624764518
1.1974784803234058
-0.36325386980420565
0.5824298231354279
0.5562382033678468
-0.4731554697317461
-0.8841614925429916
1.0849333620891324
0.35853092056297875
0.8892265001588032
-1.4871564891892257
0.14184695400739836
-1.7115645589684825
-0.4123781803206352
-0.5405209295991955
-1.063546973363695
1.098059690963209
0.16637396303913424
1.426587349925651
-0.5643997942918298
0.3702382975428546
0.5092204390971717
0.1669082343789346
1.1237114012978133
-1.1331123846506086
0.5563528628975927
-0.44354479086647897
-0.77662182424629
0.04670645543506946
0.3600002470670247
0.6085953066259057
-1.5414638340611002
-0.3573536464636289
1.013808713858612
-0.1899658063065578
-1.2526184513043173
-0.4879259387463426
0.09022824208845961
0.2197736366332327
0.7142074729084718
0.32426472763504444
-0.5285197931386875
-0.23169133539626488
-0.6309472941803204
1.037463638868561
-0.009035892532889897
-0.9314195043725418
0.5337420445777763
1.3375609334627765
-0.5634923908916368
-0.9534801038677246
-1.6614742988830935
-0.9187943186863363
-0.5075790221005841
-0.1916422554123113
-0.12622708346188158
0.7919384835989114
0.9265430541719637
-0.5270812535695705
0.5945540321382157
0.27898020768755294
-0.07380930904313202
1.3819704998459792
0.5101922497745924
1.1060164712226652
0.10015213393993394
0.44222647001409193
-0.4232043827586529
-0.694598927507719
0.6461639615401513
0.5990796306552995
1.1703479499155778
-0.3290316396537319
-1.270700149345166
-0.8643552306335903
0.13296497968506923
0.7617313792936797
-0.5009072313400578
-0.45970019919914895
0.34951287237095013
-0.8301488031307923
1.0677320498098235
-0.402305639705713
1.6372072998262956
0.10032419893435843
0.8067485727563117
0.34196544177622706
-0.6297668537674044
-1.1304392167289035
1.6544458083285238
-0.3630989489124131
0.5964444456669192
0.5627381169284555
0.07341044986307398
-0.1559342569980536
0.40766878070689855
-0.670148417087802
-1.0549393472864532
-0.24514522245477186
1.1649258312649688
-0.32241483799624177
0.22311130331126827
1.139881082980033
-1.1601657184981282
-0.3222911004304849
0.6488775880797706
-0.3711395545037229
-0.39715143634749617
1.5272752683774276
-1.0084944875186448
0.9646586563306363
0.714235599298263
0.9999642312815628
-0.5183798877913736
-0.4370185814731608
-0.3554777845844196
-0.692069578542338
-0.8019107314914998
-0.8674410124465857
0.4040808132138582
-0.07729897759511539
-0.9331950595383603
-0.5897725207614344
-0.21929383804238875
-0.501637673145773
1.1782397600560048
0.3619260017180779
1.5647014656308167
0.7123828913987238
-1.3539670166494666
-0.6455831031608003
-0.30985927553659603
0.2535581109177363
-0.2241301287210218
0.5540030576186636
0.4026604992676544
-0.294492599428556
0.47251901099512145
-0.1301459787999175
-0.6360062328731545
0.40223976002346046
-0.7441757094531262
-0.4213372670213624
0.6035049561047958
0.001979916105119243
-0.2360514818011399
-0.9524184212710427
0.2778031825219174
0.6678225712892086
-0.829558443769533
1.6496046369633612
0.9070524237460974
-0.27927707199866464
0.9355489722479816
0.04274958200475304
-1.0421864336652158
0.15398432535733703
0.2905209610643186
-0.036109271532031126
-0.4743180576096989
0.6356810256524642
-0.6574447322224662
0.5711134787908237
-0.14536656414216698
0.5253131288439584
-0.2577485892529536
0.9436431860983987
0.15784250945658937
-0.9032173257836842
-0.4562708490452096
0.15524238926199807
-0.38758998212528456
-0.8424779025929441
0.29432504237695273
-0.31108584730920585
0.0038888057926385784
-0.16998334917886268
-0.384311565732904
-0.5355191334877553
0.6298212095998996
-0.20935239431300257
0.04533362202819302
1.079345940969677
-0.6475466387914919
-0.08669617938587246
-0.9312079257038847
-1.0812583289791133
-1.8574288305285247
0.2044155190796222
0.9061677000685061
-0.1937543338873843
0.3972201909443108
-0.7888723689361098
-1.1554859155551263
0.5676012350818578
-0.5302769268445212
0.44136172716871613
0.5106051218700479
-0.870799219933016
-0.3939368316096076
-1.5307427010607084
0.7049648071966966
-0.048125968191247426
1.2592555921717965
-0.6387067510862974
-0.49622951553064376
0.6470067039429478
0.4527650842111103
0.9738617078683304
1.0544019663698878
-1.534264796857071
-0.08761738752210659
0.5196985273260737
0.6739635051838213
-1.0571038132789392
-0.1963575204393847
-0.19386550735669084
0.9041052177043054
-0.9485995393939014
-0.6716132881098497
0.4961359472186811
-0.1203393276199785
0.6656188481673679
-0.038463841720756585
-1.4614431897160274
-0.49231352705797027
0.559293980648898
0.46259677219374545
-1.0784046034758508
-0.41565807348246697
0.6350850405644162
1.839106660589139
-0.3707675672603326
0.363490780482075
-1.1196776998922826
0.32963247693226644
0.5890776573573389
-0.2995243915323834
-0.049827870275459964
-1.6399179804917765
-0.38029218253510816
0.1356130769629819
1.2073750014265578
0.6081519019009828
0.6259297451735997
0.2996191037561185
-2.0172533362273537
-0.1867941190768334
1.674193717947534
-0.090457519802781
0.019894351106340028
-0.04331450570555082
0.038646529363168834
0.7638933221284175
-0.03552958953620709
-0.10347838324868076
1.0801162375911133
0.46294540678905316
-0.05977757062480096
-0.35026507463077766
-0.0518238959961546
0.13884906938907982
0.8370148796251962
0.6881228108647768
1.4596330560242627
0.4694164797746487
0.5150703279063681
0.24376739060529543
-0.04270119013145802
-1.5181979780191495
0.3201369981957239
0.024853693410411375
1.6065233589685886
0.3757088008426306
0.4515333085438033
0.5708390565182118
0.005677179771733867
-1.5396530372712123
-0.15184964802356712
0.4515571150942036
-1.5969268856682057
-2.3177957502355504
-0.42858546575687745
-1.4732221410719848
-0.46743680004905996
-0.7563644867738136
0.82007617911378
-1.4956677774614717
-2.170661245168688
0.1671267634177968
0.7420761056850753
-0.18965329966834038
-0.4595315659370357
1.4025118510033459
0.7579342566357281
-0.3180441980176038
0.21129704145981776
-0.0429556291298685
0.18598847911895997
0.7748920366113906
-0.10392983084740014
0.1590605831146255
-0.6363993071524017
-1.156164471052198
-1.1145971673687363
-0.2375522516313216
-0.22969888038503267
-0.6718114888210411
-1.3121094047171575
0.23497511841116162
-0.7216878402122062
-0.49048205020629154
-0.22092756971260552
-0.36883144730366557
0.6115124465687891
-0.03481798557741912
0.4787429889965171
-0.23226105556921428
0.25917834488453445
0.5648785437002526
0.2722763100951218
-0.2082646091627195
-1.2560228515304548
-0.8272589181712291
-0.1557833419134848
1.0011065605067127
-0.678655323751019
-0.4286873367410468
1.918069899646128
1.021175736666266
-0.3343547082408491
-0.16184757290088597
-0.7553793719080866
0.5948111775109421
0.015059245764855324
2.2678553648025463
1.0376825730974875
-0.3383407062255424
-1.664262695404869
0.9739990982544716
0.38389035816231154
0.353079699385165
-0.10104507882596224
1.4586811633408854
-0.04544950162941471
0.24295341335090995
0.31184546310367345
0.7803764311765267
1.281103772889168
0.3653705139954312
-0.0445856795938331
-0.6904261186125826
-0.6617888236699526
-0.6620206985666656
1.0792994275288081
0.06099769516374602
0.6284319992417597
-0.19729968978719972
1.7363559906934947
1.0787202777599956
0.004003589450560612
-0.150493529195913
0.33398401515511567
-0.7301240744004797
1.4956889633831516
0.35243625978821236
-0.09124373386817025
-1.0591513321738242
0.6768583587988675
-0.27565887583592386
0.776471866589715
-0.7994047172676986
0.44571453990810883
0.5590459306854696
0.6181861124527827
-0.7396800279737902
1.5009484583728914
-0.039974546033953874
-0.23096659948142406
-0.48349524924730275
-0.5908561531398053
0.06566634405442016
-1.149519514320158
1.3686960264373953
0.08511337637310354
-0.4341544086348652
-0.3712351896150499
-0.10118702950621987
-0.8237769910376066
-0.4972453945754867
-0.9727160034989739
0.07883254959534339
-0.16365058962406046
-0.575346688017042
0.12417654358071084
0.614240839872769
0.3506011539060786
-0.9344048406146355
1.3403131293837003
0.058665647270101685
-0.41644562879333213
0.7088918138487886
-1.6668894520241984
0.007422728708434977
1.4883335932118116
-0.7997962033703184
0.8849750457480265
-0.8160953821016561
0.055466696613997814
0.5996831287321925
-0.01568893692283503
0.23044878303465396
-0.00199098974125948
0.28463342581986495
-0.6594659954632784
-0.8897642625451886
-0.3612969250589803
-0.1551579285326308
0.21834827203884344
0.465810676902079
0.014148491157338664
0.043123525664944914
-0.042639274044607586
0.07791786069889722
0.5058423511886273
0.4979249594809997
0.5913769085834144
-0.8131526614565582
-0.14721670692878133
-0.37667589091694814
0.7992499275506316
-0.7612382522213773
-0.3498819978973595
0.948241264783867
1.2748297739451053
-0.17913794821298482
0.34013067907371997
-0.1932613621106338
-0.16527679674401766
0.7292192114647787
0.4382753816291511
0.3183010195665647
1.0570017045463298
0.09348092312807926
-0.49643153866770695
0.5004393281992038
0.6653764410997228
-0.2866223297719979
-0.1800188193981585
0.11327581660380458
0.19986754477742902
0.9834722234257851
0.6348342821394555
-1.3310212881950034
0.15261306450991657
0.8491584277994061
0.57640023403856
0.594948597346089
-0.9641045732884232
0.685407302437671
0.5013458956011474
-0.325884242631611
0.6526298439891524
-0.6068138189792559
0.1670088609625603
0.47668685332865124
0.36216270063012523
0.07886113096057831
-0.42282593838558724
0.0661788147846132
-1.0659603645148874
-0.2908527591249137
1.6361228930894642
0.8437011189424113
-1.345199181875994
0.715164428590746
0.12808571829417298
-0.5994453411435474
0.6568776206792877
-0.25645253477964663
0.22154090213457334
-1.339934115003083
0.0682448900493442
-0.6713890892961623
0.27978172382193384
0.1608798282442706
1.1680295480919647
0.08005390656171893
-0.025254881014276767
0.9010381059017769
1.2232809626482202
-0.20680141276885575
-0.4202084864126261
0.13682957984073016
-0.16044435637192836
0.10499157445744108
-0.8909456727052661
0.22434758937711743
-0.8110788502928076
0.01029837447460252
-1.0478744963178352
1.2447425806224748
-0.09290524299715043
-1.0772324401425282
-1.7268651365367127
0.4196300317946483
-0.5378503800069472
0.05988090737465921
-0.6792159177986753
-0.7435376247169816
-0.3850925525672415
0.45065937338904877
-0.7182208805679373
0.43753512099389524
0.043147731367351984
0.8858419076905242
1.0936312766640803
-0.32996932977015536
-0.5092094604809461
0.1818265100584296
-0.22183322146780865
-1.5540659241788901
1.7248927922390744
-0.45188315585526784
0.8361034104066928
-0.5460234042485621
-1.227056109778595
0.7949468542907289
-0.5347000539518082
-0.552299732043697
-2.03049845127203
0.9380140556511861
-0.04549073302626575
-0.7309628874002206
0.29132672678877464
-1.415550520746355
-0.019558116791662982
-1.021390793763187
1.940419354627532
-0.7965717817212362
-0.4948715451632909
0.3242646110739412
-0.04103493020529463
0.576758482583614
-0.21637683202829514
-0.5634989054199123
-1.217815383693593
-0.13982453736222866
0.7215733684147392
0.8471790614215045
0.49357243668902495
0.6789368598538862
0.5405125808120487
1.0155856532538279
0.5237108998691369
1.181945148175856
-1.6655980549224751
-1.3052565864190813
-0.3717638957291694
1.5091445368594176
0.11424793688917102
1.2540668033382343
0.2799407532344093
0.8753178319608593
0.36467700054651975
1.538598268331738
0.0006466727583585987
1.2253117555412367
-0.3773656345337994
-1.2199900393986474
-0.26007496457438817
-1.240569015965853
0.20344244779288218
1.081876164871333
0.40925399720930566
-0.5091983232986164
1.062564643179276
1.380056533832027
-0.20222954441531785
-1.6748703912571623
-0.12372805155093233
-0.06593492888471589
0.8771381740391505
-1.0032959820347596
0.7869158235444872
0.848648714026286
0.4400239107662601
1.071394042039183
-0.18140319504901495
0.5738174305557765
-0.7349750117483793
1.3097938156411664
-0.38149590617805756
0.39973833954214577
-0.5061889709340265
-0.9232889784946021
-1.2991874050870194
-0.881636969308646
-0.1915715435153764
2.0505269745951225
0.7851437026507897
0.12617230653987405
0.5240025586254318
-0.8080187901707974
0.09253951316083349
-1.352118810806859
-0.08476188239268623
2.0726210107627563
1.2432083051778475
-1.2946701527806637
-0.07884472268228902
1.3269944681129333
-0.2698079839391122
-0.2898997988365094
-0.3218504032912838
0.21412278336895324
0.4924897605318111
0.06081719189923384
-0.7026975067179229
-0.37225581820858167
-1.1124853534983477
0.6540309645037099
-0.4024660175180413
0.4701370225808184
-0.38429133473213173
-0.7783681622051587
0.7709407204154827
-1.2827370304769639
-0.6811146890063685
-1.2388517084227963
-0.1684115120974884
-1.0857836338891513
-1.1171178405344866
0.11436158249551902
0.1763857228504324
-0.2545412378155815
0.8437960891302264
-0.38448552208964865
-0.6946393326647797
-2.186842426713479
0.9446656473017039
0.07528782155441237
-0.9055167445586214
-0.37434196875570835
-1.0162898534899156
1.600091422280776
-0.2787462997548394
-0.7818022156078938
0.205027302868015
1.0244967086497307
0.40669178616570983
0.16123163139548521
0.67443368212293
-0.6287618592209335
0.1534096163629325
-0.879515851909579
0.563471610230278
-0.7872027129921247
-1.745091207779647
-0.7005311909210479
0.2869661026520295
-0.8247765237417428
0.8325810619543116
0.524632516837866
0.237228177123928
1.5558211792686678
-0.9503694539375211
0.7680916405203554
0.5537845228716907
1.3980496205471307
0.5165134627927109
-1.1060817811088468
0.9604782771205705
-0.37616920018988204
0.37179128676155376
0.18483405442269063
-1.0230344226878696
-1.856668712766679
-0.23177427005060638
1.60214257705371
-0.4662786259993101
-0.7661774123056411
0.7186036621756
0.2385352493528692
0.1470035342933471
-1.2670416898296597
-0.15291903585193486
-0.11725764086151044
-0.5041582137557329
1.4273593245660732
-0.1185179515715756
-0.6721578327285119
0.47734381152203237
-0.0015686619486545077
1.7104393888420935
-0.4462144252892988
-0.2303589653067176
0.45489295981520866
-0.7103421368016517
-0.7289815925924676
-0.49717642768224624
-0.680260810407012
-0.3974525787360503
0.0289721746321664
0.5614481921937546
1.6911309426600594
-1.0223799672563625
1.0469631921283686
0.2722653902663002
-0.7311286769274953
0.07154751801954315
0.5978214967351232
-0.6232378661489066
0.0750470244511424
0.8154264280758188
-1.56721068692885
-0.7949020671191832
0.5847986456472678
-0.2821900482315462
-0.2416998711497914
-0.45642720335319154
0.6347014904069239
-0.27806105219267885
-0.45783897101602006
0.6036839282672226
1.5897672464286854
-0.8722723424439536
0.28867214365612676
0.43908998580931397
0.6548826826900135
1.3779950311438025
-0.04380039716020989
0.6654026523071661
0.34004129515085135
-0.2528854459564394
0.3041058675721077
0.7896045097188974
-0.5463920646910875
-0.26786176574362436
-0.21463238914708072
-2.5108826447580026
-0.01052940955270619
1.0663827725106765
0.007769153346339024
0.03257183974162847
0.8631917817179675
-1.4092053215566187
1.3337820576075008
-0.8765060029872468
-0.9868097634673875
0.004314132475051553
0.3584086066058669
0.888917943865441
-0.41258889213366146
-0.8031618676192596
-0.05665259617161891
-0.17710307126773747
-0.3090058797434808
-0.7083818888701854
1.2689433864026893
1.1760938104990961
-1.3237554615294413
1.0586710768899912
-0.49426697843143197
0.10226964484061496
0.7559835102638335
-0.3565626910273735
-0.6898873772672035
-0.3835006143718345
0.7478276832171872
0.9351893785486497
-2.0846868586622036
-0.3808716571588605
-0.4146947785099421
-0.504879131643147
-0.3905003980483273
1.5580379012750918
1.2840236548818749
0.14972036958623988
0.3553069371239691
-1.00811907262704
0.6080082898255751
-0.26696403701712124
-0.6830064923276119
-0.9716914312276749
0.4852054563345203
0.8620842036664684
0.48011555392082317
2.3719117693911933
-1.1211377462333352
0.08672465265216656
0.2991893681802946
-1.672013777354235
-0.18754476211086588
-0.8989565075087361
0.21480382961672742
0.5715101489640944
0.2884529537483216
-1.4105658244143244
0.08554510979531196
0.8355899239292781
-0.8987475316534702
-0.9013934231997646
0.8718632897961891
1.1091016803626361
0.07725404989537361
2.061051526107128
-0.43391278392034893
-0.013416416331152672
0.11878336633711893
-0.2238846695330477
-0.11570929685676301
0.593119419610172
0.11060972999738958
0.8703328320772442
0.7468748672753781
-1.1804802735605264
0.15221095551654534
-0.3874991251181228
0.351537994217619
-0.3934499415054704
0.8220618721880393
-1.0247041342914287
0.7613427827871865
-0.7198668728005168
0.7144969212917532
0.3539434090521698
-0.5144035555532424
-0.44066616072219467
0.010342208573825852
0.6577384435639428
-1.3131331221236464
1.416843634517589
0.46611063560092997
0.5714943707468889
-2.0009403212138634
0.4790435343898898
-0.6188011985276846
-0.601338243532512
0.32052850911411856
0.10686138200706474
-0.6566128142637827
-0.4131891423277116
2.07145420109523
0.5107779055588295
0.7539122315269701
-0.674972668527909
-0.1422561879583306
-2.4294630655246725
1.4862573278158617
1.1682485026260532
-0.9032702768457654
-0.2707621219323463
-0.5636110859939116
-0.1712030580721161
0.6845454425821991
-0.18796860024243256
1.0604864887893755
-0.6343245889602884
1.0043917992304265
0.6740358888078742
0.08236706142531051
-0.4555385115087178
0.7021040559037385
-1.2314016229139282
0.9573374465781108
0.5307182177577795
0.15882592063680068
0.08149885695599064
0.10583303777533608
-0.980227518998402
0.4713521354401832
-0.4049357382122861
0.08473026816274529
-0.7880396321775677
0.560177985778585
-0.1409301611910549
0.5185870879883415
-0.25131696714971485
0.31085466798884936
0.29383507563569067
0.14885645904248504
-0.004997562361316243
0.18434084102370493
-3.1902686063894157
-1.724411880584793
1.607562674653979
0.10134948051904069
0.9263903521781092
0.1939911085812463
-0.8402383869553028
-0.12455824326936571
-0.18703674242954435
-0.21896930197056266
1.698092251736596
0.9981284936162801
-0.8217404359021058
0.18029690045986604
-0.4689046794978674
0.3091729439924029
0.5674455437705709
1.4275407180700794
0.46906008280805706
-1.3844656932898654
0.044198714662834954
1.3502001047760648
0.3903925682771906
-0.18110826213185097
0.02513756736741205
0.5730601069262513
0.7039716473899967
1.0050916164824817
0.8945621506118719
0.7680999639556966
-0.24753864952107807
-1.0371803158846116
-0.9126734821006163
-0.41692877565689734
-0.516334612774901
0.49239081320079964
-0.33805926197300384
0.6686347512392673
-0.09938355507060705
-0.8895065721849736
-0.23288220011441885
0.022743993884519347
-0.1452208710262213
-0.20285210657585304
-0.05955791409743105
-0.7408933268354293
-0.20107158342439715
0.24277694214391285
0.9596475191638859
-0.11026504740361437
1.2636944345726802
0.3837023048135364
-1.8713786706608744
0.2835128168377026
-0.22936509861478202
1.1830125509418568
0.7489197568851576
-0.9240961164042132
1.516947740979851
0.2105428971292227
-0.3056043139081282
-0.5683565905921646
0.5440413119238744
-0.24334421585201707
-0.3049507878149979
-0.5905125220356359
-0.4654197970860262
0.2160557346085238
1.366857260543534
0.12005068067950234
1.5364845408887182
0.18498638965123967
-0.17288122978590867
0.6341660503844104
-0.2923842763768071
-0.21332877048201232
-1.0218716235134577
0.5398257460408372
-0.5419484196925516
-0.1265068886886645
-1.418208817345576
-0.19034410719645467
-1.093796768949459
1.0722764200624804
1.1827552110339095
0.3267257203206165
-0.6961801530802078
0.48595633313153086
1.0453170291407243
-0.4655421109675554
-0.6396145344983031
0.2566345502629655
-0.32702418124368215
-1.4471523194256952
0.6828016212780419
0.7016109652583812
-0.4480709976285218
0.3087294481256329
-0.08239260724886419
1.280850596921523
-0.35923582511335617
-0.34543858528113164
-0.4881891300925196
-1.8955877065497344
-1.6016249562161307
0.0015426279083808497
-0.011081597114816735
-1.0769096529849993
-0.2947919447698567
-0.9432049174888142
-0.2063932710814997
0.23296257509923088
-0.5643281197939808
0.5550206137179542
-0.17190406266429872
-0.945903872929555
-1.0363928326500957
2.408155289828594
-0.26559616532875613
-0.7495105236807006
-0.9590020708267025
1.2393874252352666
0.011379197499030618
0.7156152929016839
-0.3421350993460561
-0.11941013876658395
0.8105231174543635
0.6559020073643607
-0.4056147547097421
0.06905670773676359
0.18866476692646547
-0.03865172438978879
-1.0240634297144071
1.3701598862809652
-1.140960324244862
-0.11863094311442068
0.30648045482706876
-0.10252692015087737
-0.02459295372314638
-0.44100549165805636
-0.05692432205616257
-0.38770681461965517
-0.5947971400162598
-0.9177455320373256
-0.45745882334205357
0.017598225303794436
0.866389232775004
-0.31908913319080573
-0.588922026453497
-1.08411468107494
-1.2182876991151417
1.1661151383051784
0.13308141079307895
0.6834682507208846
0.23689575544849972
0.8126232564777085
-1.4889430687443492
0.5605971160505158
0.2759433718774266
0.3322825696741093
0.9424374623321229
0.8307353365961834
0.46138276728035527
-1.0315095737120028
0.6701060727081853
0.5491920762997183
-2.273685368722576
-1.1496108861214958
-1.1602631095970986
-0.2603576247842425
-0.294503977323463
0.13518296289669535
0.9476531589297594
-0.48304053692150345
-1.0710468111794682
-0.10767458787340688
-1.0946655021977976
-0.8860142326361395
-1.6893920148498527
-1.5070664317145532
1.1931305463107345
-0.29855448248023464
-1.744907656625408
0.3492391130748625
-0.6596893926635016
0.7837465331633217
0.9500493773601774
0.23573090237477384
0.031383060873562026
0.5751420193054919
-1.0636397757582117
1.4458364564144282
-0.9608889286460043
0.4789631725195171
0.5268723750629185
0.39906357822121585
0.7483384317129664
1.095620103712528
-0.7949649138585775
0.8645513122917909
-0.4898290876963588
0.1678494879932142
0.12640256874976757
-1.2514182992675906
0.3474049110417763
0.5473856790804174
-0.25253763984674504
-0.736538846844969
-0.11301557195489399
-0.401893213375034
0.2890139431203487
-0.06812948264488325
0.6244660051917741
-0.9624888361716303
0.6227371884742874
1.076232191705917
-0.6242805529353057
-1.5167872754531333
-0.4363113530661019
0.17598083289983377
0.15726836608658074
0.5037442449984281
-0.3088925513765876
1.3254056269322014
0.011741829823757892
0.5043753326731927
-1.9605673457601858
2.076542671066517
-0.9180644384184184
0.5041156997434347
0.29808015865012655
0.9695107360082238
-0.6899882054582734
0.22432624004712778
-0.7954087490772924
0.9039152150021768
-1.1289087759680305
0.3501914314953864
-0.912500993017625
0.6546632118551676
0.4840908805573309
0.3095051408936274
-0.34027234798752354
-1.6168978029328704
0.3507807011188115
0.13814799424936977
-1.9172817145960146
1.9766806592805508
-1.7060530287216498
0.43320130033587617
0.589859665076438
0.8849104614446588
0.7108711343422816
0.5072705886299084
-0.2839394326974267
0.6930174831186927
0.5738776718294029
-0.4249014013211728
-0.9746571593555289
-0.14851166317247788
0.5816363163980102
-0.7349639661624549
-0.02829549119147411
0.5723793795014878
0.15853622731440725
0.8759971346020778
0.05918651050057289
0.19995602296075748
-0.2081076429991381
0.31345598793307855
0.7171429172812583
-0.030949916791285444
0.2994518785080322
0.7217845716984952
0.6627971363573965
-0.8575246362032755
0.3268087563167656
-0.21673974710407326
0.3368741495626369
0.9754908097463956
0.5176643197635948
0.20823848181666177
-0.983785597119479
-0.3926028275845196
0.324726484102818
-0.8238757229362513
-0.34764781056936
-1.1621981156164585
-0.7487302838968082
0.9617166687737546
1.0620872344299093
0.2809989817097991
-1.3802127457556341
0.300383004812574
-0.23012546012457102
-0.10280713806800691
-0.2015172993574237
1.0457900237696927
-0.24883617648695283
-1.2232024156779222
-0.9799232409256523
-0.22344967439527727
-0.3988943483563961
-0.6360027419967383
-0.5230763526074157
-0.0556956259781718
-0.3522652657964746
0.4164040868634395
-1.0900692811641735
-1.8031836157741685
-0.3031391930482618
-0.9721479033322036
0.1166488115711431
0.0008171413391214716
-0.001944857505717759
-0.7212632081723805
-1.1772829550510502
0.668729498595002
-1.0311473388502357
0.7230900114927403
0.46633246700084696
-0.2909725777847758
-0.026392964248112005
-0.8040184602252495
0.9491889996354232
-1.8910776631861161
-0.276643725415204
0.8193202115602284
0.04727332034816184
1.5571463302969244
0.32999735633953486
-1.0015477165030238
0.8663523412277947
-0.255876598368916
1.064866096938741
-0.7831218319373553
1.0324066971176258
-0.22772952084241493
-0.5283018458401382
-0.056846369810439695
-0.07793952043194316
0.23294144210500053
0.2353026858810557
-2.1136416978656154
0.6535448922870848
0.07001676342308717
0.6015548951672132
0.31333408188355777
0.1086787077549641
-0.5724384165120023
1.3467893541473692
-0.5114595587054755
-0.060261746179054526
-0.2607546371432359
-0.24815440704594166
0.6923278339621993
-1.003726340732845
-1.3669688776215094
-1.388044200942532
0.7698658223143882
-0.45804467129835796
-0.8596250355083042
-0.6871817088489167
1.145576404393041
-1.4067298585044474
0.04843188565228995
-0.37108925516949254
0.8179528180973747
0.06662510312271537
-0.6523378270625295
0.10907559309780872
1.70552833117468
0.02515491404128973
0.3217291534082487
0.12673288787515025
0.5093178963213151
0.49297857206749923
0.8476827755856831
-0.5787460585893519
-1.5470927278945672
0.05814329779001413
-0.6903142817178584
-0.1306971411710067
-0.4500098826205075
-0.3326944026750454
-0.1696445567893556
0.8171883768264852
-0.559678803749672
0.7054354872601827
-1.2668210850538382
-0.14908910925142904
0.30152598714488066
-0.7846226103214516
-0.28103601493012015
-0.45978292196258125
-0.1958554982468192
-0.5240695679987132
0.36527059718545196
0.2269936296941756
1.0458371352883178
-0.12679321896945075
0.1608185072894017
-1.2499543124654866
0.6149362356772669
-1.593556739321453
-1.0161419523806126
-1.3299142615819906
-0.25653637219534964
-0.6944905337852648
0.3546305153313375
-0.7717765438815082
0.11880964759174181
0.8690544818783114
0.13502991161311176
0.7916768257430109
-0.04972855736754302
0.09461972507417206
0.4519471674578212
0.6929588020564466
-0.7756973901330995
0.43534608834176935
0.5840411290037817
-0.5728131303769157
-0.6679361992620587
0.6977196172437937
